-7.375495402452009359e-03
-2.966936832339514898e-03
1.331484740833824374e-03
7.368802278354557971e-03
1.142562429622974961e-02
-1.181288078010806798e-02
-8.594046281774604668e-03
-1.347929321184822759e-03
-1.659730668210077000e-03
3.361893094309121623e-03
6.978047525243442732e-03
1.051011389165093339e-02
-3.929385677610640858e-03
-8.277765845855860477e-03
-6.484347966892002775e-03
-3.151205229865232989e-03
-2.058736948300020353e-03
3.217972506470382927e-03
4.816100517233287692e-03
6.064079074735636947e-03
7.590646906534345359e-03
-3.227479740958292664e-03
-2.531324121114635409e-03
-3.234646335864828446e-03
-2.354962416082784921e-03
-1.432191180406335680e-03
1.476020283637042001e-03
4.057214730848305445e-03
2.214173630350525519e-03
1.351203719501021736e-03
1.428875198329530123e-03
1.123365913088654683e-03
-1.083077813753651050e-03
-1.895363774264309791e-04
-3.812845392464182066e-04
1.341935833711329620e-03
2.043389875599411609e-03
-1.453200074549973885e-05
-3.789928733638934458e-03
3.482329787460883112e-03
4.679615899775915917e-03
3.153723926046677912e-03
1.479086172141462008e-03
4.603208663812910067e-05
1.009943311583268860e-03
-1.067262736989268252e-03
-3.508200495996590534e-03
-4.866710706976391278e-03
9.929621468250646177e-03
8.489037068788821486e-03
4.715334544966830188e-03
3.493190326408380109e-03
9.288520810619185471e-04
-9.100063925412796339e-04
-2.491685051367754228e-03
-5.300720020475961289e-03
-1.136308643127352004e-02
9.202659885977822543e-03
5.887232227200143303e-03
3.741416479406072578e-03
7.715779107696340428e-04
-2.761650686800649381e-03
-5.480529452840398469e-03
-1.087177136458504327e-02
6.113827518085930557e-03
2.670435204951570121e-03
-8.885044615579215785e-04
-3.530797788337858983e-03
-9.172555907975445469e-03
-7.169365402179750900e-03
-2.641924674223664667e-03
2.945599279974763125e-03
7.091893419049276337e-03
1.154885011361958536e-02
-9.642232093862767098e-03
-7.425363211475367528e-03
-3.380851962362331573e-03
-5.792722140513376691e-04
4.551494030697101657e-03
7.786468082472849245e-03
9.607930130895805249e-03
-5.879517404546884610e-03
-6.707910679829438491e-03
-5.816531686791045694e-03
-3.401044885234211224e-03
-7.315789992143852593e-04
2.569737568370672898e-03
4.584467447857529764e-03
5.160032788324372954e-03
2.294484442717742521e-03
-3.309119086241547880e-03
-2.418448498159117381e-03
-3.376278129495466785e-03
-2.320764182937175291e-03
-2.038337423375708064e-04
1.773431136271609891e-03
2.451987916323142020e-03
1.073886160399541764e-03
5.275797228383473196e-03
1.368925808871994344e-03
4.237553065218900073e-04
-1.226961747510837020e-03
-6.581431084362972988e-04
7.698828646622269626e-04
9.834081756671052797e-04
1.292881581291804036e-04
-8.853809186442297609e-04
-1.205593571495431953e-03
7.984689935674381400e-03
5.222261865778565770e-03
1.443504421751751112e-03
1.179174964249444244e-03
5.603088559339544942e-04
1.526078979998051019e-04
-1.625510783118342675e-03
-5.281639214179473067e-03
5.074050353228314741e-03
1.304535468658020447e-02
8.150327568129691475e-03
3.394393116549976157e-03
2.340467103369489772e-03
1.204210139380203822e-03
-1.629523926907131036e-03
-4.755098935474657944e-03
-7.625048713494258189e-03
-1.430639412532561799e-02
8.475782392753958977e-03
4.271894514478585640e-03
2.183125504146402746e-03
-7.596204526240950185e-04
-4.691147341297422294e-03
-8.347201535679513174e-03
-9.539981624132286980e-03
6.927897901209067143e-03
2.819771181433251232e-03
-5.401994502212883499e-03
-2.472276057430471217e-03
-1.217866492746932407e-02
-1.011146782744228381e-02
-6.229516722177958973e-03
-1.388515678334174824e-05
4.125078412467720473e-03
8.115989997782478704e-03
-1.111173590576999479e-02
-8.256199705412166703e-03
-6.386869120130083712e-03
-2.418593430608820434e-03
1.754030699443736175e-03
5.830120835613697428e-03
8.414522968735019953e-03
6.822207935173514202e-04
-7.280412794402111795e-03
-6.913815446780935403e-03
-4.346457386343604429e-03
-1.805401087695277353e-03
1.502984350925728324e-03
3.571753889048726559e-03
5.867386211945910084e-03
5.234525125229414801e-03
6.693261289413161667e-03
-2.307239339039385533e-03
-2.998748657286758306e-03
-2.078825446668183200e-03
-1.224037777853913093e-03
5.847268136982632135e-04
3.026891824240959643e-03
3.213637994799622543e-03
7.550106272770951447e-04
5.753329530846100319e-03
2.592552566780865868e-03
5.336371823395584914e-04
2.011462579076682866e-04
-5.853093271001876777e-05
9.541905598289254558e-04
1.113708086819914034e-03
5.843026724874232549e-04
-2.435799236854691019e-03
1.614202165260879111e-03
7.653864759988250090e-03
3.895070208599577324e-03
1.785362415022679825e-03
7.518498428295394137e-04
4.826261577884564512e-04
-1.075574442837435489e-03
-1.741724904908499528e-03
-7.326727326038023728e-03
1.016872470109828758e-02
1.051621285591432600e-02
6.281141354579342952e-03
3.905879065731873625e-03
2.135590534108063477e-03
-3.485166138908988849e-04
-2.418658567564247516e-03
-5.988527326134759389e-03
-1.102187055378041521e-02
1.316012516664787947e-02
8.403107374620759698e-03
3.723047571402511406e-03
1.931935234329315251e-04
-2.374779282507060319e-03
-5.413165415093084201e-03
-9.965486263392067667e-03
1.093278880732241783e-02
8.779084660599413212e-03
-5.098229125777837926e-03
-4.447999719594590735e-03
-1.202446140771915029e-02
-8.825592604902454674e-03
-3.293058578195309088e-03
-1.825359267568356283e-03
4.164384685051739435e-03
1.187083309903404563e-02
-9.425669590749176374e-03
-1.034095924650860199e-02
-5.290747351747416075e-03
-1.948460791972446123e-03
2.981566646827761655e-03
7.476105408905356874e-03
1.083579371584215620e-02
-1.091639404904530541e-02
-9.170075006398747605e-03
-7.902165809844157937e-03
-5.632892046342131108e-03
-2.729909396427226530e-03
1.343285710242024967e-03
4.811800381569379149e-03
6.650021260284679110e-03
9.140346653381616754e-03
-3.698386956357376226e-03
-4.959126704515639736e-03
-5.354184802003356634e-03
-4.335132114917377918e-03
-1.798921102240261163e-03
1.245301323476272985e-03
2.894882427061061525e-03
4.441554569948534016e-03
1.207694802818779162e-03
-3.913279481348570787e-03
-4.571632269001206137e-04
-1.680153584924355247e-03
-2.089447240184898365e-03
-4.793298722858930572e-04
-1.504835248937071688e-04
1.005530848330998686e-03
1.327206387971787555e-03
-1.068035605500710500e-03
-9.308715229881274131e-03
3.534398959420136013e-03
1.591739385629863763e-03
5.487188811506716474e-04
-1.700237377713098596e-04
8.242037306626410912e-04
4.661426317462962366e-04
-1.728686457642431441e-03
-3.569858529239567074e-03
6.312260267432414848e-03
6.845680906555927370e-03
4.555963258843300639e-03
2.317960727043009116e-03
6.842126853099147338e-04
-4.438754139013559395e-04
-1.779586809399183196e-03
-4.370224052810046077e-03
-7.812907147279744835e-03
1.063510657866876402e-02
5.940110177082221464e-03
3.921765046347791724e-03
1.239314132976621942e-03
-1.143362882706849869e-03
-4.534959309708637941e-03
-8.605966210212655926e-03
6.979852179615247953e-03
3.052223715079404719e-03
4.794291219773329856e-04
-2.982883816664798696e-03
-7.707890306123657900e-03
-6.177787355723034918e-03
-4.480381494925281607e-03
-1.434466106833811509e-04
1.222795641045936604e-02
1.204825660281914033e-02
-1.080880959394980682e-02
-8.244082915351304969e-03
-1.997821743868470178e-03
1.391275324858913618e-03
4.777866144917978196e-03
8.215276582268454461e-03
8.697894222701263098e-03
-9.110393045664232428e-03
-7.954843009144396682e-03
-7.548705927126752278e-03
-2.975724864552795144e-03
1.281657653121365432e-04
3.727341401545652532e-03
6.540297560351676989e-03
8.248255365637575248e-03
6.925733731376804495e-03
-5.146262223836532181e-03
-5.168996267732953349e-03
-4.856185622822610168e-03
-2.398931422324879475e-03
-9.522661883915668930e-04
1.922575523771329628e-03
3.749052313744558659e-03
3.536184721897320509e-03
4.670684563627307620e-03
4.809748873784544694e-04
-4.527036111158020521e-04
-1.959380152685376644e-03
-1.018364612395087016e-03
-3.071824521674010430e-04
1.794763597581059290e-03
1.212562909043738649e-03
1.127624903916531283e-03
-9.092107288304477827e-03
4.297000970047216636e-03
2.177730339304327807e-03
1.795251205947715790e-03
5.026316209524537551e-04
-4.084343779489640089e-04
6.118917088098827905e-04
-9.103203588872664205e-04
-1.857771974221914327e-03
3.014524924730200596e-03
9.790369533039987304e-03
5.652293137324535498e-03
3.471922758078045332e-03
1.732297122120747155e-03
-2.786052189747964048e-05
-2.113974801990939172e-04
-2.154589440120608518e-03
-5.517028293930035035e-03
-6.298412818370656592e-03
8.175144092858735098e-03
4.825310358362322645e-03
2.447167322051625477e-03
-3.918924340771376457e-04
-2.234181203689093384e-03
-6.593099414935400110e-03
-1.184807850673205709e-02
3.722087680869595738e-03
1.127673489190573509e-03
-3.158104923807592392e-04
-4.806395748206690813e-03
-9.152413046991681247e-03
9.651325719902490580e-03
8.795724619242190068e-03
3.929640849460646658e-03
-2.756162101537007469e-03
-5.876820742901938364e-03
-8.577927321261500856e-03
-1.151693421165397684e-02
9.445035800445587479e-03
8.084740870198850460e-03
6.607881309088172068e-03
3.350125687880828491e-03
2.619810005294670387e-04
-1.117802247891101514e-03
-5.783481914230520320e-03
-5.753440667139209617e-03
-8.234935039007629243e-03
4.394903543129777615e-03
5.250242423952738817e-03
6.061143193098556849e-03
1.996976622763904814e-03
1.445170242870985654e-03
-2.252713904306953042e-03
-3.158491503016339335e-03
-6.030024468431443088e-03
-5.979495079491759131e-03
4.812756001877107476e-03
2.092853835473874533e-03
2.863636310846644998e-03
4.534639192070075153e-03
-4.996370942343534346e-04
1.534311758291418380e-03
-1.231167327992235827e-03
-2.092797433490850827e-03
-9.704137312568897789e-05
-1.675965702618777359e-03
-5.780881068095154680e-05
1.154353890444294523e-04
1.849234192072225476e-03
1.125106378755865062e-03
-1.603952765071081860e-03
4.802913788890203505e-04
8.472705637947831143e-04
-3.354201160023366398e-05
-6.757121476050307295e-03
-2.564870308409261581e-03
-1.980799362900671420e-03
-1.869359735224932493e-04
8.090859076743795830e-05
-2.844647628472986821e-04
-1.560511928706870190e-03
1.799424591281975627e-03
5.526043285872400852e-03
-1.045970958233372224e-02
-4.405200516590856638e-03
-4.561085624514428331e-03
-2.862513801747196100e-03
-1.337954791324879678e-03
1.110340577715164360e-03
2.616078149569712932e-03
4.552260153917551261e-03
7.443225261442287452e-03
-1.017120406963882562e-02
-7.710018258067290534e-03
-4.684795567940389441e-03
-1.454530085805456159e-03
3.040698647323185604e-03
6.331338913186538913e-04
4.369517326989400680e-03
5.926783131384911335e-03
1.074239613346217141e-02
-7.176013162427053761e-03
-6.174030172106349627e-03
-4.536097271303406934e-04
1.643875364473375842e-05
2.861803503946179061e-03
6.228111501435870841e-03
9.194384632883630809e-03
8.574556283458930478e-03
6.412987812226984656e-03
1.908085009586177674e-03
-2.901033914891092049e-03
-5.301087507568652372e-03
-7.593145093342350271e-03
-1.063261592971439205e-02
8.429921193339238658e-03
7.322887476879889022e-03
6.098908309869443579e-03
3.356497385523295098e-03
-1.205327689042216826e-04
-3.688813024318868088e-03
-6.633690117546749490e-03
-7.735140826847814767e-03
-8.868995661434328492e-03
5.789591836362054447e-03
4.928053634101028577e-03
4.711592954765927467e-03
2.348397452433160712e-03
-1.045146752406008698e-04
-1.967892965598161056e-03
-3.873804619312411473e-03
-5.065639058787701522e-03
-2.834352791416781554e-03
1.687612697545227752e-03
1.680462531483180354e-03
1.696658564621137798e-03
2.502556401974271542e-03
-5.605493381518691524e-05
-1.626503948673188680e-03
-2.596969281892774501e-03
-2.151710865136284914e-03
-4.179710324339370466e-04
-1.823303071450735162e-03
-4.050479303989825341e-04
-3.814131912119672011e-04
5.338479878459070167e-04
-1.384297868671444933e-04
-9.524945285249371589e-04
-1.199767026626734936e-04
6.482568137662843332e-04
2.096703292200900303e-03
-6.879632954530342896e-03
-3.710300308962672430e-03
-1.062590910927076800e-03
-8.935707505392195306e-04
-8.114464312829459437e-04
-1.095183102481972134e-04
1.254838236402644512e-03
2.091064429807431516e-03
5.243377920277729476e-03
-8.384542469134075374e-03
-5.104675112120169410e-03
-3.080466982427639694e-03
-2.455498358927099382e-03
1.191290740169836465e-06
1.024931443078728197e-03
3.489118289743860669e-03
5.004697996874174146e-03
9.519442706632295567e-03
-1.013108404362013729e-02
-5.887698905809353109e-03
-4.009568125352996892e-03
-9.564835388511868123e-04
1.189568616317227294e-03
7.744774842654597417e-04
5.474869798903638819e-03
9.059203664203105758e-03
1.314215401354289388e-02
-5.618026430313479216e-03
-3.027907166996264294e-03
-1.290989161935153420e-03
4.559858396883035409e-04
3.397988058282277232e-03
8.096527568849709589e-03
1.258798888793170520e-02
1.019765729861411493e-02
8.583593191413317960e-03
3.163764440885157275e-03
8.762031782470021055e-04
-3.575134872395465107e-03
-6.239216369314954172e-03
-9.112454437410369076e-03
9.660333993379949594e-03
7.854241154629404420e-03
7.836533161669788361e-03
3.316498151170439636e-03
1.641851773942038439e-03
-6.904236112825100835e-04
-3.982654821908196419e-03
-6.022997282953717300e-03
-8.239968637157240455e-03
4.315419888670154851e-03
6.018889180317505208e-03
5.187385832543829969e-03
3.678573034591439608e-03
1.216011773194145993e-03
4.589938247963190539e-05
-2.193802169790386083e-03
-4.544504719770608124e-03
-4.440175439358515913e-03
2.334420030270404050e-03
1.372363451204061668e-03
3.359402999944535208e-03
1.429899062415634393e-03
1.098331075866865875e-03
-1.336043386318464714e-04
-1.317020416087735790e-03
-2.094925730821760399e-03
-1.358557427574838637e-03
-1.689914673573298526e-03
-4.855583197719289630e-04
-2.215283486581660292e-04
-1.143551121568213858e-04
4.460779476873378028e-04
-8.428482932427063673e-04
-4.177831668234347536e-04
7.519570405350911634e-04
1.075875579549380717e-03
-6.951342099717668262e-03
-3.736457512610837344e-03
-1.992049933042077704e-03
-1.238160815134980433e-03
-1.368492079235622636e-03
-9.109133851179914906e-04
-6.903368484512124436e-04
1.587224842870149253e-03
4.669736805798124259e-03
-1.134090111893352147e-02
-6.309314128563297056e-03
-4.498673920888735835e-03
-2.761813604500748618e-03
-4.182823416388639724e-04
2.816986039546599233e-04
1.087575378202098025e-03
4.041683776327193410e-03
6.082637408162142219e-03
-1.295608632436205318e-02
-8.106413166013886479e-03
-4.552929541488964608e-03
-3.398841383321062060e-03
-5.924722693683634727e-04
2.729579393739920649e-03
3.524295024396820273e-03
7.302305384854605036e-03
1.184411980546759557e-02
-9.219169390871180189e-03
-6.339167884187035806e-03
-2.175091955440488969e-03
4.437757475166420498e-04
2.876011866984831949e-03
6.008774872734294267e-03
1.048461701238402599e-02
1.310778207405375109e-02
8.036008716482018546e-03
3.533990460756509210e-03
-1.120788694588923003e-03
-4.078225033286723630e-03
-9.588269741283643802e-03
-1.323661708294001337e-02
1.010094186329178224e-02
8.966771803623981713e-03
7.264373167995333107e-03
5.983909106158239247e-03
1.401478516840686840e-03
-1.428332156136259126e-03
-5.812232140958864014e-03
-7.582191621533155082e-03
-8.697247270586416085e-03
8.310003830649882045e-03
6.960550973303848352e-03
7.188776434575994134e-03
3.616001245952522002e-03
1.879281613360721812e-03
-2.291907613360202184e-03
-4.021668094190983950e-03
-5.957903062420581361e-03
-6.899934859517396421e-03
4.601773530434607670e-03
3.735172513025400518e-03
2.751062373511059620e-03
3.300316945752914104e-03
1.170727968921955785e-03
-3.154038725793872336e-04
-2.403541763417229096e-03
-3.593685016284791766e-03
-3.040961856570258311e-03
-3.504811045455427220e-04
8.835078730119201975e-05
2.234111721171901706e-03
1.462698744035559849e-03
1.379811809908282469e-04
-7.060344947565112828e-04
-1.268539577605270205e-03
-1.397264058277665087e-03
-1.612772736612122591e-03
-5.695083819642543163e-03
-3.434178014152822114e-03
-9.760737958159845535e-04
-5.751485993917673832e-04
-6.956574416934218795e-04
-4.334416600777553255e-04
-3.868410442405976948e-04
2.838443927952454416e-04
1.995693186832835000e-03
-1.082646688149686322e-02
-5.248626723305932669e-03
-3.668447887639857911e-03
-3.025723864922186951e-03
-9.439189075772281851e-04
1.363437497357142996e-04
1.321571603920940067e-03
2.591332872446836574e-03
6.025939044645232945e-03
-1.211651255213425267e-02
-7.855815544741072062e-03
-5.684648237754673199e-03
-3.348554346661941020e-03
-6.711880270351588051e-04
-4.910512914690633472e-04
2.318282488200037756e-03
5.404357273915787012e-03
8.324336795227902513e-03
-9.522188562292518976e-03
-6.741231441197921385e-03
-3.153094484881917986e-03
-9.283235335478496686e-04
1.047474360411845395e-03
4.550988033879442389e-03
7.499976429819030406e-03
9.118847128227731622e-03
4.826982538812315572e-03
2.191248695079118635e-03
-3.143179393706676053e-03
-7.078820560361810330e-03
-9.358182169079314397e-03
-1.822138265712007141e-02
9.397170058459060338e-03
8.788906970168146315e-03
5.906846061014318049e-03
1.963407681262409245e-03
-1.243536268641838322e-03
-3.324416396462766873e-03
-6.702758079858854405e-03
-9.242092150458437738e-03
-7.328748477186913628e-03
6.369672006928188759e-03
6.689494145756227222e-03
5.218458826325307262e-03
2.496694540279210082e-03
-5.807214773516620760e-04
-2.361377668467060358e-03
-3.987749281324703618e-03
-6.541321472850641569e-03
-6.162387291962593064e-03
3.438649777110559715e-03
3.662413175559749677e-03
3.704895366820290439e-03
1.783039771094965592e-03
-3.945652388180615595e-04
-1.687420901633051445e-03
-8.110707639807164700e-04
-3.240230169717746560e-03
7.544870341481669618e-05
1.145247200097399649e-03
3.712463092979543708e-04
1.597793576593174378e-03
4.643061798288920078e-04
-5.943802655355020722e-05
-8.711048338470438624e-04
-1.770107175837942390e-04
1.725783156000841389e-05
1.037988111932954113e-03
-4.569474109651618099e-03
-9.203131262864361383e-04
-6.762976221909075937e-04
-2.320457843813978651e-04
2.771630181598890410e-04
-8.556967082485322784e-04
-5.943615858896903435e-04
1.397567270801702410e-03
4.362948105619370194e-03
-7.007458371929430226e-03
-3.777811199513242141e-03
-2.967621651792211931e-03
-1.545284592386837351e-03
9.026397640471301451e-04
2.442300584042114914e-04
9.959462299158011820e-04
4.630886734820388421e-03
8.870131955509872462e-03
-8.927338059873385703e-03
-5.916802665856286426e-03
-2.219291222412255685e-03
-1.641343740050140278e-03
3.203915787685954978e-04
1.333216172459990865e-03
4.028587088322883002e-03
7.330024758517758240e-03
1.083991366880853596e-02
-6.190439262101461032e-03
-3.633903119002291054e-03
-9.207253734453609570e-04
2.766482492691885349e-03
4.549425620505332182e-03
7.255168656577873007e-03
1.039978258407443269e-02
1.000000000000000000e+00
4.293785500355971007e-04
-3.225024271343593049e-04
-5.089942072795673430e-04
1.094737989496071809e-03
2.561040373491283145e-03
1.000000000000000000e+00
-1.074014641965868140e-03
7.515515649592011268e-05
-1.835124844981022153e-04
2.267332555245150580e-03
5.397005580196727326e-04
1.000000000000000000e+00
4.794706269296037868e-04
-4.781599758882927294e-04
-2.128187374737962149e-03
-4.634880363897462695e-04
9.599364797569960041e-05
1.000000000000000000e+00
-4.534431040385019773e-05
-7.164983924856217041e-05
1.110212299128897828e-03
2.095222501715504040e-04
-1.649185199836312272e-03
-1.674254075773140086e-15
6.953847278496091619e-03
8.677284522030655201e-03
8.478637255029128697e-03
1.027754983689150442e-02
1.043649923981007781e-15
-1.850636911826443118e-02
3.546374242639415645e-03
7.872652159475308775e-03
-6.361549251699682127e-03
1.282312102710848460e-15
6.516874266460315375e-03
-1.752447741951626906e-02
-1.645539381754753186e-02
1.775923261383174651e-03
-7.023539259914077932e-15
-1.608250388505893386e-02
-1.673797505413343947e-02
-1.625494795484846294e-02
-1.437260422188706838e-02
