-1.509483579138538520e-02
-1.135834056678084250e-02
-7.340810893256279404e-03
-1.232995706155684892e-03
3.291244351643716343e-03
-1.720027961987230514e-02
-1.496424162255856859e-02
-8.373383316748467600e-03
-8.965116858417152002e-03
-3.826528824917239599e-03
2.850951579828651461e-04
4.646285787298822488e-03
-6.472632701890795349e-03
-1.205205332738553195e-02
-1.113552174626033717e-02
-8.371339636100188358e-03
-7.504957437241637462e-03
-2.116973756624861147e-03
-6.259397211113131303e-05
1.954234368590878745e-03
4.614847543352741319e-03
-4.006926456024562794e-03
-4.416720966767196527e-03
-5.877356474766321989e-03
-5.477790146583142936e-03
-4.730944744951134581e-03
-1.711912598134461127e-03
1.285612335572890001e-03
1.397233119375661812e-04
3.321662033061152739e-04
2.713886731481216733e-03
1.337099262498014441e-03
-1.532035172637809381e-03
-1.034525992774920329e-03
-1.356999854145237404e-03
4.828258105375351876e-04
1.566943251335131855e-03
1.611209332448286676e-04
-2.547875593947274836e-03
6.846218285469058383e-03
7.094655860609980040e-03
5.020312671062147555e-03
3.032665271431987490e-03
1.515531633372746260e-03
2.600976503983347746e-03
8.754710207128687648e-04
-9.757567955390999146e-04
-1.356904641881849895e-03
1.534025081030788301e-02
1.319168107593204041e-02
8.968110114552917123e-03
7.509868931534840857e-03
4.906667942145944566e-03
3.196928704347635694e-03
1.941555324024341403e-03
-3.250308403406341790e-04
-5.587805535236189947e-03
1.616784600280955775e-02
1.251709770740226657e-02
1.020918568315866068e-02
7.235797824581879749e-03
3.850662060945489462e-03
1.436453829131919451e-03
-3.471247766188892501e-03
1.496217308873996552e-02
1.142810255403636267e-02
7.874359134330101775e-03
5.419649843134446282e-03
7.214420201406098918e-05
-1.476920238132058485e-02
-1.075956765974171551e-02
-5.347627227852824912e-03
-1.011161820679293624e-03
4.049699238600795725e-03
-1.492997896712350628e-02
-1.354824555636840663e-02
-1.001142956974077590e-02
-7.366179491186482589e-03
-2.007884424559726062e-03
1.787095451210850847e-03
4.484126579688814916e-03
-8.372929142045055714e-03
-1.025373853299647690e-02
-1.012267606110642780e-02
-8.144567274390038594e-03
-5.600583718370936645e-03
-2.080644334250486213e-03
4.657041513739625170e-04
1.835475695166915392e-03
1.570382298484156874e-04
-3.945281636350294642e-03
-3.985204422012242863e-03
-5.591898949148922313e-03
-4.900295939580429777e-03
-2.878711916375386107e-03
-6.925327202674212701e-04
4.683474120949669629e-04
-1.574933977167284791e-04
5.246018996834304199e-03
2.828132856086101876e-03
1.039316036235211644e-03
-1.155431827076604202e-03
-8.845219500103129132e-04
4.759277976213962440e-04
8.998883836209553696e-04
4.939060615315766112e-04
1.629828770342691216e-04
1.092560864145222842e-03
1.156669673931860244e-02
8.101342287551951959e-03
3.890635414910786211e-03
3.395701592286634336e-03
2.737732572561893396e-03
2.540480902767972698e-03
1.178243236372480225e-03
-1.872350734452828472e-03
9.644698062405226979e-03
1.877889618555326698e-02
1.331988109489710276e-02
8.237822270638182551e-03
7.010130225926355582e-03
5.861196042957748410e-03
3.242726422974553848e-03
5.168776303038733356e-04
-1.826207053278471526e-03
-7.633556906545854552e-03
1.591816132306276763e-02
1.152525092299954909e-02
9.314951956623197457e-03
6.387529623547169924e-03
2.695245243503783302e-03
-6.015855938467154756e-04
-1.404139334660449738e-03
1.626485513113125683e-02
1.211642643746359271e-02
3.866941767145714182e-03
7.103843795547386958e-03
-2.405956498438748068e-03
-1.716728218062532965e-02
-1.407882093978627021e-02
-8.250520046622496564e-03
-4.134963754143544667e-03
1.795087553028774420e-04
-1.575789198142922218e-02
-1.391752217405743675e-02
-1.275433350507673702e-02
-9.162656676390877261e-03
-4.984048815475409892e-03
-5.474869094398443102e-04
2.727906934207099260e-03
-1.049393255134106794e-03
-1.028490211340690220e-02
-1.080477794311015746e-02
-8.867311542330653593e-03
-6.645630950340783959e-03
-3.312954208178702908e-03
-9.061680964657914655e-04
2.053690517704103921e-03
2.384946570945133387e-03
6.847741335734630272e-03
-3.380147318276682366e-03
-4.868649300636226918e-03
-4.479922395739162691e-03
-3.884142580402220792e-03
-2.030971584703936215e-03
7.253938772932832244e-04
1.513583364492482189e-03
-5.649546964555086329e-05
8.037806476763720287e-03
3.633530370375133607e-03
8.956420633037732353e-04
1.173166522972696380e-04
-3.524538488811511578e-04
7.275674070976089142e-04
1.186554259470969921e-03
1.204048632944465600e-03
-9.687330561728481077e-04
5.985732316005886941e-03
1.088727280049184114e-02
6.577713698681430209e-03
4.106382504798743172e-03
2.914419261201212259e-03
2.736373465030276717e-03
1.461058641605173826e-03
1.281961682975609525e-03
-3.546402633863849577e-03
1.638391845552505596e-02
1.596768446213921167e-02
1.131331370931147780e-02
8.643407814927915600e-03
6.762280560705480163e-03
4.396424427675180331e-03
2.604932304317054536e-03
-5.313404526796006644e-04
-4.896767481917935899e-03
2.077594215883244930e-02
1.578406877410391818e-02
1.090630279139020650e-02
7.295005864309186960e-03
4.871746527507827065e-03
2.110092501225990010e-03
-2.091466004466920048e-03
2.021940542808811636e-02
1.810626212041684807e-02
4.110129191657879363e-03
4.994992057191473961e-03
-2.305212263764794788e-03
-1.657495696019692377e-02
-1.187091549142903213e-02
-1.077457393606360246e-02
-4.858481406192082137e-03
3.140608715289225014e-03
-1.487134358142891064e-02
-1.687555027689847595e-02
-1.258813041088035524e-02
-9.652234508364580454e-03
-4.730856838870982524e-03
1.272341590864915881e-04
4.230377898607323543e-03
-1.339935077559599452e-02
-1.317191503757721670e-02
-1.286100499534366046e-02
-1.126111839143496308e-02
-8.708540509411805131e-03
-4.621476215581679474e-03
-8.093571209291715394e-04
1.719497247632011203e-03
5.251548211020173537e-03
-4.629437927073404291e-03
-7.153440554786743080e-03
-8.399681739041020209e-03
-7.964962836570027571e-03
-5.720971382014582336e-03
-2.642870878911578788e-03
-6.683549551355592042e-04
1.513406397207165289e-03
-7.988179356432741811e-04
-2.786339623872306336e-03
-6.079976070153523572e-04
-2.575658264424723204e-03
-3.480799251030719781e-03
-2.110621155509681546e-03
-1.726301770866705285e-03
-2.632529513803626804e-04
6.347066627671589349e-04
-8.855565999258392749e-04
-6.106841342537379543e-03
5.524869943944204012e-03
2.958852902765677848e-03
1.505679588604669781e-03
6.000017901152350291e-04
1.671724695079111105e-03
1.605835234840751347e-03
-6.505352417878898584e-05
-1.098707189029069289e-03
1.144892329325027623e-02
1.103599300100500426e-02
8.245923951952385464e-03
5.682686164308803703e-03
3.919896053599245672e-03
2.890160304492000315e-03
1.831565196131861462e-03
-2.889398055965167341e-04
-3.016743383190068333e-03
1.707174662335038395e-02
1.200840060875212750e-02
9.738346126615742351e-03
6.974632114133324026e-03
4.709330235315881651e-03
1.587797614722329413e-03
-2.055695624202949056e-03
1.536786502056947286e-02
1.128735403913583291e-02
8.644126132854956443e-03
5.331583291893812054e-03
9.207101589011343692e-04
-1.453452020028134402e-02
-1.333965724031900210e-02
-9.156885958612666701e-03
3.364549555582380981e-03
3.804927483700181953e-03
-1.694567142867235351e-02
-1.529256711137821044e-02
-9.584046274045361635e-03
-6.362893778962058593e-03
-2.745720391760109267e-03
1.283808975423162595e-03
2.693246766185129065e-03
-1.254430964078815172e-02
-1.254378467645110747e-02
-1.295135301894976415e-02
-8.848216687906104369e-03
-5.887098046401324086e-03
-2.065337549481526241e-03
1.290835125559901611e-03
3.836751837602785965e-03
3.924518254024497721e-03
-6.875225973224744283e-03
-7.887256192639699806e-03
-8.283911364723884480e-03
-6.230013269834053929e-03
-4.896831608545520326e-03
-1.808810218569457994e-03
5.251973988363873441e-04
1.092393987564514637e-03
3.436199098275510150e-03
7.569918762116848495e-04
-1.071335796067094488e-03
-3.179218536706770321e-03
-2.573181467473270936e-03
-1.946569790971981696e-03
3.662415128352670968e-04
2.532863409825510874e-04
8.902292754535185869e-04
-8.058774091085565625e-03
6.679537001877040338e-03
3.776635335888393029e-03
2.895505426572533413e-03
1.333950692598986172e-03
3.680946066453149993e-04
1.598363211573568124e-03
5.101026094106777533e-04
2.132825616578388854e-04
6.284648521974430142e-03
1.430310264792897766e-02
9.527504261544137917e-03
6.953448786369364684e-03
5.012413079965819841e-03
3.229307242441484260e-03
3.250316272782696227e-03
1.707705309907888748e-03
-1.076135331719153864e-03
-8.366082704356203733e-04
1.437312704237109391e-02
1.072874783843842487e-02
8.208045170009982405e-03
5.379722544360797734e-03
3.748119771233639728e-03
-2.293465465671728511e-04
-4.987698986281265470e-03
1.203628388027771882e-02
9.312543818808829282e-03
7.901066155872491989e-03
3.662939530366732341e-03
-3.494471371191691178e-04
1.234534256492865988e-02
9.405698661877055430e-03
3.222444568309144192e-03
-3.901481358401098776e-03
-6.579927830911896751e-03
-7.962301376463325545e-03
-8.821845526402978532e-03
1.770376628867127711e-02
1.322031152317017233e-02
9.475738835359613990e-03
4.862095945553383293e-03
1.321879908040433840e-03
3.574628409639943652e-04
-2.990170133717424180e-03
-7.322236040926458599e-04
-1.342509279671112309e-04
1.393874993110710316e-02
1.148625976266803503e-02
9.941991688623775039e-03
4.450851651530223461e-03
3.402304435015760051e-03
1.257527787001563836e-04
5.701841708287194981e-04
-2.384448586783664983e-05
3.251910787781935822e-03
1.442967089582073044e-02
8.252990682685548696e-03
6.561351979732964017e-03
6.729187009070877919e-03
1.159614710110793735e-03
3.614733794852253209e-03
2.237850583483306371e-03
3.722151026888698231e-03
9.055411565898360479e-03
6.870923775558586237e-03
4.898305584974131134e-03
2.511951834588185134e-03
2.678115767412139487e-03
1.390309747894755404e-03
-9.268208337676103661e-04
2.571974948525906999e-03
5.343784343512641803e-03
7.896770217196178582e-03
-3.343475927245897084e-04
1.548966003199277631e-04
-1.920510205469376161e-03
-1.756532723846226766e-03
-2.080987286410941259e-03
-2.043310148308294470e-03
-1.879937066972482175e-03
3.947969590329398169e-03
1.118208387053685332e-02
-7.162679797953031696e-03
-4.926226801054128107e-03
-7.836525338526547507e-03
-7.827196012172906586e-03
-6.929212623680336240e-03
-4.080889130985976276e-03
-1.113912433440252111e-03
3.347517851005099663e-03
9.825074863584288762e-03
-1.095971888418120245e-02
-1.244268203507153947e-02
-1.227318474794545505e-02
-1.078018633237869291e-02
-6.939656767555943059e-03
-8.956666943841345638e-03
-3.747747313831144289e-03
3.973789217465839964e-04
8.888867905288077090e-03
-1.712544818497714963e-02
-1.905036987248144228e-02
-1.511719401838641785e-02
-1.533307623997047682e-02
-1.210324876444432603e-02
-7.251693314322914946e-03
-1.661897414990717425e-03
1.131895957427379688e-02
7.257442588635498217e-03
1.699420748554359003e-03
-3.291053885192096653e-03
-4.998704688718214051e-03
-5.741819512891117167e-03
-6.389651883530090767e-03
1.614404708153243176e-02
1.208565213806647720e-02
8.846298322819232118e-03
4.994972125898433472e-03
1.314887280463172261e-03
-1.573556084525974371e-03
-2.913734131108192734e-03
-1.498394718113581301e-03
6.832327559934083709e-04
1.436968228516708954e-02
1.043159981081821092e-02
8.111957619807546802e-03
4.577891795460357037e-03
1.892928593764459794e-03
7.194006240827428714e-04
4.539533651889702051e-04
1.850516979275291683e-03
7.591041485049085727e-03
9.966857852807759280e-03
6.773244941785029616e-03
4.587609717428628962e-03
4.160278568029245928e-03
1.343094933780526615e-03
4.752101930484708709e-04
1.190247041446703888e-03
4.279134027068860584e-03
9.651950148365671597e-03
5.059851618723199169e-03
3.171207851812133955e-03
9.020752388958227326e-04
5.357397222697336337e-04
-4.189581967856262964e-04
-5.264440540383278928e-04
2.027841215104347374e-03
5.503539999240286869e-03
1.067042512445805745e-02
-2.418319584146717480e-03
-2.677128999571893112e-03
-2.406679116545584925e-03
-3.571977988705075328e-03
-3.796637207017344081e-03
-2.384720897281257003e-03
7.363295679149676337e-04
4.363970600565180921e-03
1.130616343294029227e-02
-7.328171065249357644e-03
-7.601983375086341851e-03
-8.033504008945372560e-03
-8.796995587235963143e-03
-6.668190595511274896e-03
-4.927052538375650825e-03
-6.864945677763646106e-04
3.675404102610275048e-03
1.209508108479845530e-02
-1.346504049395104950e-02
-1.290113683587484558e-02
-1.356789743993544982e-02
-1.192843941158100267e-02
-1.013658712145244604e-02
-9.851468341952570804e-03
-3.333191582872479554e-03
3.147412844320394455e-03
1.125128844498350829e-02
-1.807374684977376689e-02
-1.809194348433235469e-02
-1.782073020272602684e-02
-1.644551691275807775e-02
-1.278330910418664160e-02
-6.261458794390063406e-03
1.201696418576315246e-03
1.447416873468506011e-02
1.045385760308866971e-02
3.475168065050442730e-03
4.882931608790635385e-04
-3.788460306940683812e-03
-5.407650821594128625e-03
-6.393202107528373097e-03
1.943135873891212867e-02
1.425060650004498705e-02
1.166657231227868387e-02
5.493170330451988166e-03
3.090958671646877858e-03
9.156100449796324018e-04
-1.316369065558573503e-03
-1.389999996978174114e-03
-7.067839064623784645e-04
1.512456234445468811e-02
1.322320304321460138e-02
9.713576449887276545e-03
6.477424182589134639e-03
3.239188979510062953e-03
2.215303998279961797e-03
1.059726595778860258e-03
7.246250515285562787e-04
3.816902797983744676e-03
1.294962238906893250e-02
8.218072545234496318e-03
7.433453607047941017e-03
3.693369301771084849e-03
2.534640921187662072e-03
1.436914260270972382e-03
1.361851357669055041e-03
2.659880653563598957e-03
6.454275823120320804e-03
7.588312801060052327e-03
4.909432383157098963e-03
2.299995762475113420e-03
5.219396617775735143e-04
2.137055635083087149e-04
-9.545223190780352269e-04
5.896143765559201493e-04
3.888570409286994534e-03
7.352971812646348464e-03
-2.290749967649077909e-05
-8.011734442307532787e-04
-2.050685077401726963e-03
-3.254372309266277685e-03
-4.294323260899108805e-03
-3.729134933872107951e-03
-2.373651512450673535e-03
2.079683541949537036e-03
8.385692868435906666e-03
-7.739458855345172569e-03
-6.854331696626125674e-03
-8.128751806648576092e-03
-8.406670389683901234e-03
-7.016610675818400755e-03
-6.225700737545085579e-03
-4.269133588147239720e-03
9.028383800253289050e-04
6.254613618141387915e-03
-1.366001592756205772e-02
-1.310885610473181730e-02
-1.273120434721244400e-02
-1.366837657566155606e-02
-1.183680742965316848e-02
-8.434468413554383967e-03
-6.499913579361431618e-03
-4.514243755318976450e-04
7.486639544485775705e-03
-1.956906200981659363e-02
-1.998050252184120981e-02
-1.795402520341788863e-02
-1.636464741045257423e-02
-1.387239245330251954e-02
-9.585714400760997692e-03
-2.812015714425050543e-03
1.562282674157303326e-02
8.355004066667977639e-03
2.318086855501880292e-03
-3.030638329753071198e-03
-5.800165911334380711e-03
-1.024724241119947740e-02
-1.205810624249083196e-02
1.882308233238610962e-02
1.440762453296586497e-02
1.020859285394214860e-02
7.328778337067569371e-03
2.054975068076231402e-03
-6.142058902559695754e-04
-3.953823981933903518e-03
-3.804167128889410655e-03
-2.102749371229451804e-03
1.873621602441066097e-02
1.387849135909418642e-02
1.150266734543784787e-02
6.248205209469567291e-03
3.759443563815944352e-03
-2.570185634110185480e-04
-9.170617103571400202e-04
-8.691371658570793421e-04
1.107666576537511731e-03
1.547245708345534182e-02
1.092626227964218349e-02
7.215746022007787398e-03
5.999060624258925438e-03
3.067478403221081742e-03
1.723796770431401280e-03
7.340827864509386026e-04
1.585784676110746621e-03
5.150019307847981953e-03
9.777236912844142203e-03
6.388543304098780011e-03
5.713050020956088326e-03
3.092479727367786636e-03
9.233989016876230837e-04
2.059598276887340904e-04
7.561668892941741721e-04
2.730987871001270932e-03
5.610607821500517879e-03
2.611873019386027305e-03
9.343721302006419800e-04
4.628383140882551630e-04
-1.056829345176660273e-03
-2.064321422651442528e-03
-1.687544875361876758e-03
-5.147437203740629335e-04
2.308604148201198834e-03
7.199296578441797059e-03
-5.336761829111156229e-03
-3.818271994543589662e-03
-5.275048128785194378e-03
-6.620075084194000301e-03
-5.472235055936811379e-03
-4.291050798393017743e-03
-1.958846903616027254e-03
1.505126859776330069e-03
8.200711666951432735e-03
-1.039717913448098309e-02
-1.037651319811973109e-02
-1.133460070989276633e-02
-1.103725472914267140e-02
-9.329648723518189218e-03
-9.065572420837742298e-03
-5.104954389572674556e-03
2.216330782271029880e-04
6.479129922075204523e-03
-1.696166697746738505e-02
-1.739324219762036772e-02
-1.590580045099860076e-02
-1.469844237840699751e-02
-1.265493120049865014e-02
-7.983182315461686412e-03
-2.778647566810501287e-03
1.026793379059096067e-02
4.145519318592676833e-03
4.581868864594958895e-04
-5.048899684524912369e-03
-8.276770036097504460e-03
-9.012013664539861649e-03
-1.568334360209219097e-02
1.610004086869760986e-02
1.264024417135569192e-02
7.809150384782003081e-03
2.795352924942866735e-03
-5.971647712238315050e-04
-2.013197009381182019e-03
-3.821077419363065955e-03
-3.893074239265408541e-03
1.261230063734334987e-03
1.462671008806994827e-02
1.195673245776886912e-02
8.434911945834266608e-03
4.577172840965674713e-03
1.279695709082057358e-03
1.859477557702152097e-04
1.747843572227491421e-04
1.563240109460948635e-04
3.970773543219275475e-03
1.202112927672354357e-02
9.124580417479280503e-03
7.019489309990412096e-03
3.894792603529049005e-03
1.471228009396968869e-03
8.763119346326633157e-04
3.413987905460444741e-03
3.604150913318993760e-03
1.048777188275561156e-02
8.900358192055122381e-03
4.884947705541918886e-03
3.864464208422049331e-03
1.475573497234124957e-03
6.839121330971598741e-04
5.744850664393624882e-04
2.974655694273453058e-03
5.844298219497549851e-03
1.054444372539577873e-02
1.305789135282573029e-03
1.591730851420660505e-03
-4.983757829144063855e-04
-1.360452650668743336e-03
-1.144729944125053890e-03
-1.570312647117035011e-03
4.302993305995006100e-04
5.168430648824095044e-03
1.188859213010920284e-02
-4.021926160168062293e-03
-4.275829410366837821e-03
-5.878673991013085021e-03
-5.820710833356926642e-03
-3.690279868136896874e-03
-3.631433616878068042e-03
-1.110764519332548732e-03
5.343493851571521139e-03
1.341732265298446400e-02
-9.825221771061473652e-03
-1.041121271087296594e-02
-9.209789295524803757e-03
-1.003724162993996187e-02
-8.413884244885466018e-03
-6.685503880487148227e-03
-2.206393381456403860e-03
3.964759695631854194e-03
1.145842057371820183e-02
-1.567589457059834213e-02
-1.567282340964322798e-02
-1.441831925027716593e-02
-1.109048761894751087e-02
-8.582141790230713926e-03
-4.067969984717787618e-03
1.996371190018832956e-03
1.000000000000000000e+00
4.291241290044891317e-04
-2.893920834750695454e-04
-5.037175773567920296e-04
1.105979254529551072e-03
2.591967502115942717e-03
1.000000000000000000e+00
-1.031052716820217733e-03
1.122176594016513371e-04
-2.090162760333421721e-04
2.277472357526275516e-03
6.121064918959300862e-04
1.000000000000000000e+00
4.801486504357160953e-04
-4.422758607916767648e-04
-2.120001859638971382e-03
-4.536074095776737743e-04
1.233078821924691313e-04
1.000000000000000000e+00
-8.464713716781947935e-05
-3.360851480136743609e-05
1.139660501621000402e-03
2.177657340097451555e-04
-1.571641863535833909e-03
-8.114868786183554525e-16
8.230287228248134995e-03
-6.207960057118884489e-03
-1.222717283351755918e-01
1.181651794166561631e-01
1.598610791226760131e-14
-1.695511559956693406e-02
-7.603697724685998249e-03
-1.222083435383826827e-01
9.676724768888725348e-02
-3.990523431514075113e-15
1.287647257817203621e-02
-3.187980116602754516e-02
-1.471831347023851433e-01
1.099001108074245114e-01
3.008871154751868644e-15
-9.157624660058125837e-03
-2.741385718339052480e-02
-1.462959368248388237e-01
8.897825758357907899e-02
