9.161345380166724265e-04
8.888459383478306214e-04
2.633532957301100755e-04
1.155873290492551208e-03
6.511684493647119281e-04
-1.330778721057276947e-03
-7.352761779814363232e-04
2.933189830624538877e-03
-1.326733099633328793e-03
-2.678004914639683758e-04
-1.560801003011109869e-04
7.148014331040354261e-04
3.973962423806859552e-03
-5.751836548848515869e-04
-4.221362231471351948e-04
4.550886639600316801e-04
-1.290922752341015995e-03
1.141029287557688600e-03
2.944326761890511657e-04
-1.157520847085362050e-04
9.958954745426177712e-04
1.743145138965168509e-04
1.582116437233767152e-03
2.698029232545424549e-04
-1.888498085847497958e-04
-9.575598656772613994e-04
2.667327321433134169e-04
1.520744415224030378e-03
-8.977323330228541287e-04
-1.346754202759648184e-03
4.600913199621363046e-04
1.294014908469336882e-03
-4.462878965783994862e-04
2.464382297980297000e-04
-4.804054492955588118e-04
7.120320803081122947e-04
1.246237156826603652e-03
-3.008501871088105632e-04
-2.456079307856332342e-03
-1.305542977597957044e-03
9.801125435071219010e-04
9.881071573035490972e-04
2.524705812317027689e-04
-5.519214773012409876e-04
1.039755821609574709e-03
-5.962281285453129687e-05
-9.000843625993662197e-04
-8.940612642941488802e-04
1.138804286468645722e-04
1.269959981610279147e-03
1.252884689171332693e-04
9.789374099889907102e-04
2.043656251020812620e-04
1.526372773916794597e-04
6.857308171710445452e-04
5.680905026151673040e-04
-2.147038701182558615e-03
-9.990900697218038553e-04
-5.365088527160034870e-04
5.527436467774249828e-04
5.453426845729977736e-04
-4.812303467455871571e-05
5.108496338854667546e-04
-1.019586442941532471e-03
-1.400595097763706340e-03
-5.562531294220505931e-04
3.120969972756552739e-04
1.410974291739609853e-03
3.789598226088596120e-04
2.768058840161236194e-05
1.510096124563977348e-04
9.492323832283308454e-04
3.647422295536759660e-04
7.867087607856604933e-04
-3.774412461391279125e-04
-8.191177140908725450e-04
-1.960561112230414999e-04
-1.078622679371571587e-03
4.698024054365082178e-04
6.526370265333157660e-04
4.158259158407410648e-04
1.008893990332447631e-03
-2.358226053454736781e-04
-9.613024633439992694e-04
-8.423973038681783869e-04
-7.259801720070061708e-04
1.184296877078878566e-04
1.845162909545311318e-04
-2.836546657980236388e-04
-2.619128983465801065e-03
-7.079376422051722418e-04
6.020881991785964399e-04
-9.011923740328154492e-04
-9.972257321679525895e-04
-2.833942934391674596e-04
4.034559792076159172e-04
2.541862968718137483e-04
-1.121488317414174500e-03
3.391946746270253343e-03
-5.988246543905243781e-04
-2.241087416616403761e-04
-1.305161571691500124e-03
-7.455927748137903838e-04
4.361771120365200301e-04
5.121420419860479292e-04
-3.347118294085501557e-05
-3.605538401825882006e-06
1.599223776766269456e-03
1.618748346729405535e-03
1.064278793779131500e-03
-1.032108918110352831e-03
-1.660263583883991162e-04
1.365255280153494322e-04
7.478854732305689887e-04
4.063185995084801533e-04
-1.145465880736897500e-03
8.606258296121159154e-03
2.502537384093371682e-03
9.090836969224291462e-04
-1.053438767949972567e-03
1.753750347949157489e-04
1.124876912675120723e-03
4.757332929307776640e-04
-6.948596551957767658e-05
2.541750642011404281e-04
-2.477372432008807020e-03
-1.212433658035003831e-03
-1.477832667234940580e-03
-1.204395350612683530e-04
1.970158428003392938e-04
-4.038762490345474939e-04
-2.790514052524048711e-04
2.698889940761917908e-03
5.069831422683871965e-04
7.367367186116658209e-04
-2.183362743947576175e-03
3.727660411213162307e-03
-1.783362444276641388e-04
-7.227353170118888106e-04
-8.800503397757679109e-04
7.351816053705293201e-04
7.524680172741895449e-05
-4.248859281965625882e-04
-8.648194713244064394e-04
-9.915760662516572173e-06
-1.191712794954224129e-03
-7.995351967979186540e-04
-3.226589618211802906e-04
3.659823170418142904e-04
2.731204596500790265e-04
6.337670384994457430e-03
-3.878405004430843521e-04
-1.035288534829770409e-03
-4.233410457348244405e-04
-3.343181804268257761e-04
4.181416227906552762e-04
2.034308503313394351e-04
8.785833750440028532e-04
-2.590077378646228720e-04
7.398977887540248051e-03
6.151560680088225897e-04
-1.156218370728835388e-04
-4.903316643678537728e-05
-4.957748824311789503e-04
-8.334933450824039331e-05
1.219759462409795731e-03
8.942571736797403758e-04
-1.069066470760284731e-03
2.667391535310620777e-03
1.311242204954317630e-03
2.367029414164612368e-04
1.666293785565295816e-04
-2.451726008574287431e-04
5.256916397123075459e-04
7.022124544072125057e-04
7.824909047098926656e-04
-8.119994455050998138e-04
-3.754434514890798037e-03
2.287645096316865984e-03
5.657080548571728935e-04
-1.601467849040992433e-04
-1.934275723373820536e-04
4.651839737207890389e-04
6.717372564148280328e-05
1.120002917769840744e-03
-2.206830496144226734e-03
-6.937777895266249812e-04
1.447504036143057579e-03
3.604147416460554230e-04
4.767538731086839380e-04
8.686483335488743608e-04
4.818742266727318825e-04
7.251964497463173369e-04
-7.520699710651977199e-06
-1.467646048871538078e-03
9.567948521320859909e-04
4.868043276532888017e-04
-5.067750595549734734e-04
-7.016782784722650629e-04
-9.568894015453883428e-06
3.990441199805893572e-04
-1.109333927341004251e-04
1.525889623447304957e-03
3.719897794418950982e-03
-4.221533704742735059e-03
-1.068043135407897696e-04
-2.530019357901341914e-03
5.187251492612133521e-04
1.560082169102645694e-03
-1.788192253902302475e-03
-1.262577944138215278e-03
1.294640004521008681e-03
2.097531633534041769e-03
-1.244242600945910226e-03
1.477027583564558281e-04
-6.829933094888168557e-04
-5.926500716796901367e-05
4.711831497290184818e-04
6.466676431568435046e-04
-1.767510112267041064e-03
-2.897595137621473017e-04
-5.922094309332713883e-04
-8.836819656631951167e-04
-1.058135007621201608e-03
-1.847820167825289057e-04
3.857541726639593361e-04
3.325275228027867218e-05
1.377467554996828283e-03
5.955902467806395515e-04
2.506957984230875165e-04
-7.434856212323109285e-04
-1.195675532009478998e-03
-6.074603975480086064e-04
3.935663819113126662e-04
2.571855550598534925e-04
6.775305651669727642e-04
-2.594945771475665880e-03
-3.425930312258496611e-03
6.466003891131020869e-04
-1.894568133856661227e-04
-9.618242512851947045e-04
-1.521635630752316503e-04
-7.170487111121734555e-04
-1.902668360269385117e-04
9.084423076187328689e-05
-1.327265506906407690e-03
-1.096094567019568512e-02
4.347681959907674339e-04
-7.612824309740396928e-05
-3.618703530281665716e-04
-7.279625899396475553e-04
5.358742683809276019e-04
6.939428238643492643e-04
-3.893256165657709767e-04
-4.199206852780423783e-04
-2.072040104500539551e-03
-1.877768567641612571e-04
1.728014294973396654e-05
-3.436449713104370207e-04
-4.700459771162014710e-04
-1.634040775930627220e-04
1.701674130724985007e-04
-2.312729822635555725e-04
-7.903682388084941985e-04
1.396159648298389859e-04
-9.505375079419342782e-04
6.156822778131517608e-05
6.083360115130887250e-05
2.651132783386667114e-04
-3.152732660747815940e-04
-1.022277733388190927e-03
-1.456171970712692330e-03
-1.231743923481035336e-03
5.806203212063414939e-05
3.421243079239712800e-04
-4.303476317385442128e-04
6.427360905095739910e-04
-2.281508015338203164e-03
-3.160841791399780949e-03
3.602446543449853295e-03
-9.739327423903682002e-04
-4.677982366278219469e-04
-1.114175352666251255e-03
1.093805147641985437e-03
1.868341836298990813e-04
-6.190954228227552774e-04
-7.476262277817355721e-04
-2.683094442406540239e-03
5.008969182167537400e-05
1.625001271748527268e-04
-1.602358593071813572e-03
5.037828389439358691e-05
-3.637641524452485994e-05
4.773063114380103503e-04
7.227458749130683240e-04
7.962027116712361340e-04
-8.035262670566864886e-04
-4.200540806352296948e-05
-1.728712531061486486e-04
-1.000285883816616527e-03
-3.377080604064207369e-04
-9.362829510014383837e-04
-4.556216044910628036e-06
3.650466681193528665e-04
-4.156107352059580304e-04
8.812887114319945155e-04
1.139079461207359719e-03
9.486130478905972557e-04
-6.029880806022634102e-04
-3.128024152662027091e-04
-5.000186344790051108e-04
8.156615131344272787e-04
-9.817169089490345466e-05
2.577282255818040871e-04
-7.223191859196091344e-03
4.703342948072943399e-04
-6.103785781805612246e-05
6.268978083233422462e-04
-1.751641088111232031e-04
-8.201339060641780207e-04
5.686706786435707711e-04
-1.479029677040329485e-04
4.191538364007968377e-04
5.462485681888973668e-03
1.479367192891250160e-03
1.042236477315590306e-04
6.187940516000947329e-05
-3.950482664672540266e-05
-3.701757505764588811e-04
9.724978698653945685e-04
9.550596564494554137e-04
1.699364364207530320e-04
1.924016162373748092e-03
-2.219110397618335388e-04
-2.715685692530342226e-04
1.457594633802894869e-04
-9.578773638570894412e-05
7.432353071573404371e-04
-5.136577211697498316e-04
-2.050896977682468373e-03
-2.270015845356629543e-03
-9.085043793434974518e-04
1.390212851046016907e-03
6.783121344304883678e-04
5.789459688869680321e-04
-1.201881577158898766e-04
1.844478993624237449e-03
4.019214761900002627e-04
-2.490981131537098239e-03
-1.718068882667292668e-03
-7.436823366448785987e-04
-4.558252839459350498e-04
2.438933309390414609e-04
-5.293810951002893435e-05
4.648059524461120974e-04
-1.781080636923267860e-04
-3.789665790570491129e-04
1.206737323848233647e-03
-6.678604911687553453e-04
1.710861126188388450e-03
8.188377726088628397e-04
-1.613752494359837987e-03
-4.151540834162796242e-04
1.596785521548741782e-03
-7.418599283769975513e-04
7.054122805150676509e-04
-9.198013444442849820e-04
7.694517454484993044e-05
-1.261365374609418107e-03
-3.675421797586916005e-04
2.317984574441879844e-03
-6.877754040676876826e-04
4.593009420709928811e-04
2.994517742944154039e-03
-9.092587824836681661e-04
2.306822666205733847e-03
5.918415937417012725e-04
4.186456119822839009e-04
2.436591134257325847e-03
-4.554404270854453952e-04
9.883240165921887020e-05
-1.579865389517880799e-04
1.599474243659640893e-03
1.152182723930394656e-03
-1.239155124888716803e-03
1.037888459425771780e-03
1.257516854624285158e-03
-2.659656444807152200e-04
-1.962579090222497328e-03
4.016361907076517390e-04
-2.752066370550143798e-04
7.192975318308001374e-04
4.318457054392494244e-04
-4.288692968484394009e-04
-2.331378749564285043e-03
6.220506320199775815e-05
2.330106416229646427e-03
-2.494748444851010820e-03
9.483408388777315925e-04
-1.203710354220686183e-03
-1.108868785639289785e-03
-9.547105627693253885e-04
1.800672504055059913e-04
2.512224589588802877e-04
4.613579211843677939e-04
1.155838762966776524e-03
5.013521851178978379e-04
-3.536531798202143255e-04
-1.439860559425578236e-04
6.744299371376657982e-04
2.989394470959889829e-03
-1.512566469230187602e-03
2.204428431775885149e-05
-9.775672397378970015e-04
8.684887564915697413e-04
1.518397986995829790e-03
-1.029351297824476416e-03
1.470132013625700907e-03
-9.900241229084394412e-04
-1.061730193457144497e-03
-7.010442891585666166e-04
-1.046128345012818997e-03
-1.635711087056272597e-04
4.813664665526646647e-04
-6.586386009840313306e-04
-1.860435773553736384e-03
-6.532273786236997065e-04
3.177456174432890710e-04
2.905698308862355968e-05
1.607060328866254594e-04
2.328464005966768833e-04
9.962776418837701511e-04
7.358868422148195270e-04
-4.745245693631156133e-05
-9.240049485202212138e-04
-1.423317164972344277e-03
-6.030812554728759217e-04
-5.237797509092663407e-04
6.405053616147329300e-04
2.321158441843179860e-04
1.168745521255258255e-03
4.071004220042988850e-04
-2.391208811987919692e-04
-2.960798411884374101e-04
-6.308862615120820532e-04
-6.828571809719270443e-04
1.894172703020848957e-03
-3.408739504479375984e-05
-3.301886840122918794e-04
7.531723781726846600e-06
1.554418053914811970e-03
-6.143271117346464530e-05
-6.990663814179508577e-04
-9.354776292200121281e-04
-1.564577916927589946e-04
1.187549084058907604e-03
-9.429802478085699705e-05
2.552404584379492259e-04
-2.137708413583650120e-04
6.065970048189191959e-04
3.163005516887315268e-05
-6.886979325583422306e-04
3.733214014229816461e-05
2.853809414664054407e-04
7.354724164351805369e-04
-1.870119726109824992e-03
-5.758007227257352792e-04
7.664405034160764714e-04
2.528550011144290556e-05
-6.279274379692354434e-04
-6.577221453574708674e-04
-2.121858477067832570e-04
-6.135646527659420306e-04
8.005448479597567033e-04
-5.514585007423656541e-04
9.783697190318505095e-05
5.849843509637169323e-05
-1.033397661779284936e-03
-1.301583351234837963e-04
-6.530577272380468741e-04
1.022879268259958521e-04
-4.160444524877439593e-04
1.612616903583491542e-03
8.043722242200422481e-05
9.151652383843865684e-04
-7.018749492869372881e-05
4.698250407996144959e-04
2.653025413434943118e-04
-2.488727814136327404e-03
-2.646469841343847165e-04
4.341678184983719497e-04
1.161061428840321668e-03
2.185659526674323463e-03
1.131607488924809462e-03
-4.544128676895218080e-04
-1.833300367241735883e-03
-1.972186421810788026e-03
-5.846725203499363727e-04
1.404762660150624912e-04
1.556581707217419795e-04
8.750405340201462432e-04
-1.442111677851660697e-03
-2.557570713644000777e-04
-1.061076654710714886e-03
-2.099934413448733064e-04
7.219248873787799083e-06
1.169051387816671082e-03
-2.729846451086709983e-05
1.466944912832391030e-03
-8.215895014415526250e-04
9.101879917990919556e-05
4.875436107229005325e-04
-1.702227086818205407e-04
7.636260706135804906e-05
-4.921166460628303117e-04
-5.266445093142596524e-04
9.577186370959573508e-04
8.955354937086124414e-04
7.444094652615166176e-04
-9.079259803998720904e-06
6.550684077324550820e-04
1.672695206366229257e-04
-7.565551684161830274e-04
1.876226624519544575e-04
1.183427677158057842e-03
-5.331194969897524961e-04
1.415451181780692791e-03
7.677687206576936751e-06
5.183710237555335656e-04
2.493332821572128702e-04
-4.615795298510085205e-05
-2.368759109245194879e-04
5.891093046762608783e-04
9.081818814741151463e-04
7.553632053759479085e-04
1.850141198876099858e-04
-1.580854944538191448e-05
5.424228388085562290e-04
-6.226574438821241841e-04
-1.554698019775658299e-04
7.703660468207499442e-04
4.077192832228175036e-04
-7.453482312788804395e-04
3.995697432644416481e-04
5.588313201151421609e-04
1.913478846131024111e-04
-7.626141885091077379e-04
-1.010239422609601843e-03
-1.569262907267522699e-03
-3.493041496592869588e-04
1.249796862352415888e-03
-1.788473582833792572e-03
3.568494642335306977e-04
-1.758819179144312781e-04
-3.512261993752857051e-04
3.581321577076315601e-04
-4.610550529243801930e-04
-1.247371470614785580e-03
-1.212065909490107728e-04
-3.307125035693370954e-04
-5.173078616688116596e-04
7.040229244393260899e-04
1.051030607345270320e-03
-5.129689646032729476e-04
-1.289546135249002620e-04
8.675674387680334856e-04
-6.935074099387312889e-04
4.023788367270356419e-04
1.915428017148535032e-03
1.040316469223180390e-03
-2.116224347524181082e-05
6.379451115910389318e-04
2.705669529203480706e-06
-6.753593091880449005e-04
-7.044858313779917610e-04
3.342901919310858243e-04
2.165558182918523363e-03
1.313207397955860206e-04
-9.156843997114524642e-04
-1.713905509985214808e-03
-5.423204606855541558e-04
-1.926048298511811273e-03
-2.031180204628701188e-03
1.024635858476223381e-04
-1.947461014483749372e-04
7.147317342479303851e-05
1.488886009743276744e-03
-1.318203203594968361e-05
3.844224804571443250e-04
-8.782937456592933593e-04
3.341150241454138943e-05
8.998780547037396995e-04
1.438338913434339394e-03
3.245413885894666162e-04
1.733126781850204568e-03
-9.969635869658673789e-06
4.318466222346225496e-04
-1.419526535154717146e-03
-9.317056697507538916e-04
-9.808302790768243934e-04
-6.515305620012503242e-04
1.419660637339712362e-03
1.326019776567908778e-04
-4.517019161958751253e-04
1.057931934187065397e-03
2.301638242445501611e-04
1.654552346907481525e-04
-5.735644262039783997e-04
-7.395214275292900019e-04
2.718425577772839454e-04
2.884279025129492572e-04
-3.399525137192573737e-04
1.410190311492025934e-03
7.660985509580385197e-04
-1.165158177730212885e-04
-3.946972511296090841e-04
-4.728053104030208566e-04
-4.017923396634012919e-04
-8.836415468671287351e-04
-1.330440747968625846e-03
-7.909615085787914581e-04
4.712469264913073195e-04
1.796069645897492898e-04
-3.303686526410964854e-04
-3.350335483053140098e-04
-6.317307259994541825e-04
-5.868424361300848087e-04
2.919106530720464693e-05
-2.946408752295577149e-03
8.233008579124860961e-05
-2.395221570147069155e-04
-1.088834326254580322e-03
-2.104277736563796384e-04
-2.151796597796409903e-04
-1.927843741446072664e-04
-3.333421909935239827e-04
1.246663111757347802e-03
-1.107964957797145543e-03
-1.243716966532894372e-04
-6.984908410122009229e-04
-6.442060413415752690e-04
1.756581246380677815e-05
-1.688092401615361605e-03
-8.341541711592530403e-04
3.063440998027407310e-05
3.473357063640434769e-04
-7.049294996908497687e-08
-7.185857513178744429e-04
-2.319516621519097075e-04
-7.943890981154320659e-04
-1.514739474005812872e-03
-7.649488253880786263e-04
-8.446118144912556852e-04
-2.260984321563112815e-05
-1.055892033593462112e-03
-3.443486029497350658e-05
-1.289438546745499308e-03
-1.030379192903439853e-03
4.355412324982470642e-04
-4.769994020193092481e-03
-2.300699208643733980e-04
6.868570233706723953e-04
2.499172262698762617e-04
-7.144131532342819311e-04
-7.385013150337559409e-04
3.660031893765219499e-04
-1.515903092850679108e-04
-3.203091133235402886e-04
2.892394343030488518e-03
-4.835383593506518735e-04
6.591399928802778784e-04
7.934873804400665491e-04
1.421764839075049570e-04
-6.504971035395157091e-04
-1.527572844724326719e-04
2.564735699875618784e-04
-7.343724677623551713e-04
4.683991535340835985e-04
-1.307032731183560277e-04
2.129283902294009626e-04
1.013503404270147323e-03
2.904930003745894232e-04
-4.881728526519269699e-04
-3.884618924993508385e-04
1.665251462076706730e-03
-3.112100421188049412e-05
3.311947270014453486e-03
1.043685250367929872e-03
-3.724551794865771826e-04
7.936851147765617643e-04
5.946231416270640960e-06
2.321271778468916278e-05
-2.536926314847113878e-04
7.710643424382215665e-04
8.966088759134275285e-04
1.223749841773392631e-03
-1.241576237451224576e-03
9.329197616547655605e-04
3.037764233012312117e-04
2.680206771195608865e-04
4.817000463138908185e-04
-9.441158040107226193e-04
-1.172548331011516844e-03
-6.320901536568594812e-05
1.545522948527662359e-03
-6.552330663559953168e-04
3.696002447636189715e-04
-4.777906202996285746e-04
-3.444143692781871571e-04
9.859916463164581160e-04
-7.821789621347028732e-04
-1.320971146875239612e-03
7.007868567072989691e-04
2.847436962468754065e-03
4.940975067954834235e-05
1.030928206933568147e-04
1.360206620042037550e-03
-1.539184926785986144e-04
-1.215617042842281155e-04
-1.022873287211909952e-03
-4.024727143232182704e-04
4.887168381635776477e-04
1.074624747117264040e-03
1.159144478783668717e-03
4.916290211087038066e-04
3.189044166513190859e-04
1.285213847850089726e-03
3.405941734489289921e-04
1.559394315571153327e-04
9.376363845488630685e-05
1.000000000000000000e+00
4.066236959310722096e-04
-2.689204926146340551e-04
-4.673889555651397154e-04
1.100354979226942807e-03
2.478160789543455006e-03
1.000000000000000000e+00
-1.108960291847311489e-03
1.008582110265782671e-04
-9.707855268801992427e-05
2.403588476868510296e-03
6.246770100456458703e-04
1.000000000000000000e+00
4.184906723726684874e-04
-4.550251067973605751e-04
-1.934309572573195178e-03
-5.071656808278045747e-04
1.557320538135657784e-04
1.000000000000000000e+00
-1.051118151403586176e-04
-8.836312611478621076e-05
1.208700247750135563e-03
3.996228715597308025e-05
-1.582134638451035110e-03
2.041785324539472515e-15
1.240371228198304965e-03
1.301880236200342756e-03
-4.657517136766693364e-03
4.507807456262726345e-03
5.064027461188405380e-16
-1.066275887654723588e-03
-1.364209916133515745e-03
-5.648623098921491843e-03
7.695544201223729645e-04
-2.857385529140267129e-15
1.004933958626555261e-03
-1.401859998637687175e-03
-1.791228739299034756e-02
5.943167966724515611e-03
2.664694242360812536e-15
1.553169908670688467e-03
-5.986449579026576493e-04
-1.637026858283269215e-02
2.084137757763889626e-03
