-1.699354001873619457e-02
-1.292582952693371173e-02
-8.841127885374971962e-03
-2.861378688106670093e-03
1.269580301100968565e-03
-1.924154904682691056e-02
-1.635388865425883506e-02
-9.349988154557651449e-03
-9.805702064003456522e-03
-4.832709803296031392e-03
-1.163953502984630631e-03
2.511635461215040895e-03
-8.867894283784224715e-03
-1.349533256583903586e-02
-1.189972358384218561e-02
-8.709044051393135394e-03
-7.699622248002390909e-03
-2.451875598483714037e-03
-8.231756164469609602e-04
5.085071933109139904e-04
2.210590092837525552e-03
-5.810250292604058481e-03
-5.242769669651419807e-03
-6.017810032554837471e-03
-5.185815316478212429e-03
-4.288015663525231343e-03
-1.386420920807798036e-03
1.209958345977817703e-03
-5.949216535240922556e-04
-1.377835968575625951e-03
1.334099553620261445e-03
1.044999598738785129e-03
-1.118154813311407264e-03
-1.845737754818066413e-04
-3.453134774813601472e-04
1.396118389550819565e-03
2.105334463010057749e-03
5.002847003874157442e-05
-3.691490300157943601e-03
5.874738083175796120e-03
7.215675942041272634e-03
5.843991252045633265e-03
4.292294116833641170e-03
2.944296024470198329e-03
3.952871596140448800e-03
1.881709326765489522e-03
-5.869608388085258708e-04
-1.975907655042193935e-03
1.470937922490573625e-02
1.351245291835088090e-02
9.992725774281568593e-03
8.970010319042907160e-03
6.542798363867103825e-03
4.777462443152254157e-03
3.205034704122821081e-03
3.490988257312241708e-04
-5.780020731992278719e-03
1.647727046056939038e-02
1.351262769465207819e-02
1.164148165488209860e-02
8.857399002331808532e-03
5.430047247147538891e-03
2.725373535248060836e-03
-2.727383453154213263e-03
1.573460646572909238e-02
1.264952515188754074e-02
9.322423887945262277e-03
6.812782372669258166e-03
1.192318493235440058e-03
-1.642302391141109777e-02
-1.216162432123545425e-02
-6.729805322792443978e-03
-2.601632808782700524e-03
1.964631636083310259e-03
-1.658973251525705170e-02
-1.463012514557639199e-02
-1.077037640982430634e-02
-8.071525652333221695e-03
-2.955924526724244480e-03
3.391015297138311939e-04
2.307417249331697191e-03
-1.026768226332948515e-02
-1.129726684276376875e-02
-1.055317473579412552e-02
-8.235827335234757740e-03
-5.621636969501776770e-03
-2.326344018715449484e-03
-2.730772387780683232e-04
3.799085289214715441e-04
-2.300856955420432868e-03
-5.249515142105021931e-03
-4.412662230910201037e-03
-5.403524771503804246e-03
-4.364277569827865189e-03
-2.255430073437145362e-03
-2.716061766737081352e-04
4.221371140993440685e-04
-9.264025600094783494e-04
3.366648509246226214e-03
1.978096345159095250e-03
1.109386291253864308e-03
-4.667335975072772086e-04
1.615556967220591902e-04
1.627010807274057846e-03
1.864345021453728659e-03
1.012450158205950102e-03
-1.762031513286402859e-05
-2.838639532301884434e-04
1.109499156844049629e-02
8.531023322310836432e-03
4.928521967369720730e-03
4.795871846707211450e-03
4.260095749952071131e-03
3.894980868718643605e-03
2.110846545573397647e-03
-1.595923299405754055e-03
8.718149923833382747e-03
1.851389331241111783e-02
1.391552034701305784e-02
9.428656302766605726e-03
8.575158396814649975e-03
7.566637449257127349e-03
4.795734311078105397e-03
1.667233732210669219e-03
-1.280715675947512785e-03
-7.977447887229162024e-03
1.644069219702994078e-02
1.260062321750766816e-02
1.077602058046983786e-02
8.006793872737012763e-03
4.166744716682594350e-03
5.123217046811844337e-04
-8.031755136156124367e-04
1.709459881654531652e-02
1.337495764774978418e-02
5.364118148249942888e-03
8.382454794823102420e-03
-1.451566288324741090e-03
-1.913110072648077642e-02
-1.560266513947537390e-02
-9.617868111580040250e-03
-5.573717820190358940e-03
-1.564153985864585265e-03
-1.785961781126144121e-02
-1.531700261563312751e-02
-1.367639805344077544e-02
-9.862527794319621635e-03
-5.756558553373113118e-03
-1.664153222664221509e-03
1.008881383454449067e-03
-3.548291876343904420e-03
-1.176406335765822764e-02
-1.156659978604459779e-02
-9.127646011160521836e-03
-6.669757158851442533e-03
-3.395782997883485879e-03
-1.317715924958998619e-03
1.033571390496087778e-03
5.116136980587698141e-04
4.877643213907040601e-03
-4.274069430853548283e-03
-5.006909403686242779e-03
-4.112887065974447226e-03
-3.272956387572211346e-03
-1.464728055317289588e-03
9.850414339513443446e-04
1.193140704374863210e-03
-1.226872332358598270e-03
6.347203948016097962e-03
3.230167709863757987e-03
1.254058009865913377e-03
9.900693843686088780e-04
7.781915846950923817e-04
1.825012033400300526e-03
1.997031690803724360e-03
1.462127670657063869e-03
-1.568202791889506103e-03
4.655412679989959571e-03
1.084596317255295296e-02
7.285179742287562280e-03
5.332077311993643765e-03
4.408104463868648716e-03
4.208337701075762043e-03
2.669981673736037103e-03
1.978502310142049667e-03
-3.663307152655839120e-03
1.560580451568183667e-02
1.610384655769058274e-02
1.217338116483263066e-02
1.003215478552444556e-02
8.431146510722232340e-03
6.052977497024799973e-03
4.014632178552508465e-03
4.060728164242484624e-04
-4.708051771726395884e-03
2.088130819422354470e-02
1.654638164095900352e-02
1.217880890439534090e-02
8.869703503758732260e-03
6.442653662209800458e-03
3.450203423981429169e-03
-1.153458577050140311e-03
2.075327521005852771e-02
1.917068553582465876e-02
5.556474714837359927e-03
6.376450463490957073e-03
-1.168003934063300371e-03
-1.872572818383616555e-02
-1.361625585953210420e-02
-1.242988998849969308e-02
-6.558655201116370126e-03
1.183040830536606939e-03
-1.728649090205355843e-02
-1.858485414044614911e-02
-1.383249932281203388e-02
-1.068825379805386083e-02
-5.845103705141256080e-03
-1.333099246570743340e-03
2.155220654733742709e-03
-1.634148265483430923e-02
-1.498219851363796241e-02
-1.395945407483088589e-02
-1.187392796114970436e-02
-9.093705135059195269e-03
-5.073478480817722631e-03
-1.594385249166144995e-03
3.208562512880965651e-04
2.977470501314442072e-03
-6.880755257641522384e-03
-8.362619069606834141e-03
-8.871384172969364046e-03
-7.934627086313728386e-03
-5.450800965441442505e-03
-2.426202740047709444e-03
-7.698283875513850429e-04
8.169373115094922481e-04
-2.340085193289017165e-03
-4.698200238524124529e-03
-1.283498573862192028e-03
-2.492004182984211471e-03
-2.885502692111626983e-03
-1.263316860898626263e-03
-9.195955006310067500e-04
2.453885628392610133e-04
5.763490482690511712e-04
-1.799878869414142223e-03
-7.630213214457480693e-03
5.303302974670272632e-03
3.494465472268016345e-03
2.559138719180192693e-03
1.916189262511435766e-03
2.959839015841363944e-03
2.616481609478566936e-03
4.075665061643917527e-04
-1.462675411428121476e-03
1.038744786804506916e-02
1.110936455764410802e-02
9.065118576268847359e-03
7.019240034217983856e-03
5.522244050412159627e-03
4.479277058139442304e-03
3.167521862597836441e-03
5.456586207734043324e-04
-2.969254547881648634e-03
1.718589437129471043e-02
1.285732385089186428e-02
1.110548832967850862e-02
8.614311342122973544e-03
6.351885887544569780e-03
2.997507665699127282e-03
-1.105661994322472853e-03
1.598905765470042678e-02
1.242321368888074304e-02
1.008081409892941718e-02
6.780504324403269570e-03
2.135797530187352397e-03
-1.637455632008535250e-02
-1.498994693945428572e-02
-1.083209661617504961e-02
1.531015611677026458e-03
1.493596289118106655e-03
-1.891308509541490823e-02
-1.668633725176031299e-02
-1.067108837146541270e-02
-7.409580581971999050e-03
-4.039706551690271270e-03
-5.151562329507809648e-04
1.493245753466512576e-04
-1.477894997196065041e-02
-1.391925776920765676e-02
-1.372517424881953413e-02
-9.296481869919409613e-03
-6.273928882837608370e-03
-2.685704802467500998e-03
1.751641096690224040e-04
1.994751736552969560e-03
9.542552364899840531e-04
-8.486619181667267101e-03
-8.644036353434013734e-03
-8.427080404462685553e-03
-6.031452242243593755e-03
-4.619387667637983065e-03
-1.746279739870535818e-03
1.064263883207803847e-04
-4.963941433751041114e-05
1.214934715755448379e-03
-3.415428080086225929e-04
-1.272636139666271770e-03
-2.764060158084499959e-03
-1.805966903398130386e-03
-1.083374345764372658e-03
1.032143908502181811e-03
4.592292360811203820e-04
3.833939257452226063e-04
-9.754700058338811042e-03
6.015995250568112809e-03
4.026391957947758268e-03
3.762525087725115437e-03
2.561601248068032851e-03
1.708342685667616281e-03
2.759747784153226621e-03
1.235139074683149754e-03
2.568450096715072591e-04
5.125210958537003078e-03
1.394981764118708410e-02
1.006222012989622765e-02
8.097479999219180796e-03
6.520739410663360311e-03
4.863838960833113262e-03
4.731374181454703690e-03
2.781090550290087754e-03
-6.446309871547863937e-04
-1.468115991632260768e-03
1.494941354472193763e-02
1.189923460042504981e-02
9.750791211363532551e-03
7.059496165682249344e-03
5.295227449255280119e-03
9.364735116568406520e-04
-4.424948297133384466e-03
1.296642766753060630e-02
1.064088502334086667e-02
9.386142002910173934e-03
5.012717384193258671e-03
6.494967230866025877e-04
-5.187949953665996206e-02
-5.181169988045727232e-02
-5.595946620529722304e-02
-6.208949583002461303e-02
-6.484545912574191107e-02
-6.734577923431771251e-02
-7.029141347441686394e-02
-3.632722389488501902e-02
-3.675343990280275502e-02
-3.745557782385542517e-02
-4.007177753376649221e-02
-4.265793236625144147e-02
-4.368390343544956839e-02
-4.813462163318182885e-02
-4.802150683112341167e-02
-5.057976013516012059e-02
-2.546937153893255937e-02
-2.381554532384409437e-02
-2.231966870306256734e-02
-2.581278337430771563e-02
-2.590835445065785975e-02
-2.926677338331913625e-02
-2.994802734905583144e-02
-3.270523786589363269e-02
-3.265115244186799631e-02
-9.867921305761015449e-03
-1.190958864032858229e-02
-1.054238048473694032e-02
-8.366990215810235498e-03
-1.298635956835014066e-02
-1.063020303341155777e-02
-1.316262752223013727e-02
-1.388156030713876520e-02
-1.182362237940188555e-02
-1.781936904573573188e-03
4.106764320987073020e-04
1.100311744671585547e-03
3.280382886013499637e-03
2.934533274944290879e-03
5.079637730458147005e-04
2.826727511250135341e-03
3.359558242108967759e-03
2.588067961209502936e-03
7.206212069215062535e-03
1.188284256538575320e-02
1.290769983357163871e-02
1.509282267239713329e-02
1.570273123610347460e-02
1.562110415387729656e-02
1.457947810520231896e-02
1.812451404383573494e-02
2.199420178748827392e-02
1.715145383696025164e-02
2.359985615488414956e-02
2.381270260925941185e-02
2.585064017556713140e-02
2.768123150484060047e-02
3.039516236912283981e-02
3.213332082807212470e-02
3.427230246383444062e-02
3.734164330264147513e-02
3.072252925202001439e-02
3.348893489676531277e-02
3.681609069191919825e-02
4.033301127350617798e-02
4.510470590927453949e-02
4.293946172908175152e-02
4.690753181281138301e-02
4.868074321670377846e-02
5.370877322188944564e-02
4.688582613982008457e-02
4.811736518909183469e-02
5.408825252037120085e-02
5.480337694157615125e-02
5.786852335439934131e-02
6.145113665163023237e-02
6.465351942938624141e-02
-4.813130481827692514e-02
-4.947515473127470781e-02
-5.332353421372099805e-02
-5.764769298693791372e-02
-5.972813494835292614e-02
-6.186648908977960409e-02
-6.492779507537327355e-02
-3.273339254927062902e-02
-3.299812333563591216e-02
-3.351336348148431510e-02
-3.567332543879517259e-02
-3.870210841351617859e-02
-4.195931622027667535e-02
-4.472082690289562457e-02
-4.576924525769467123e-02
-4.702276510375927310e-02
-1.972411622738069747e-02
-1.985681961883091484e-02
-1.944476672223111047e-02
-2.128793819118551811e-02
-2.332869676833261227e-02
-2.489017257304275421e-02
-2.659916974291233471e-02
-2.769618461293915299e-02
-2.548653864730978866e-02
-8.856929941017298302e-03
-8.237316694362447483e-03
-7.672768786188478851e-03
-6.403654483067140052e-03
-8.584173504461800955e-03
-9.863838546597780699e-03
-1.062443167433725633e-02
-1.005679782897935318e-02
-8.272269506273402170e-03
2.030859886877165333e-03
3.984021592566033484e-03
4.482696867481299023e-03
5.810898035270141079e-03
5.485413934002545192e-03
4.948805361132034564e-03
5.997702802753367840e-03
6.915462393367005460e-03
8.461767717827022028e-03
1.089889534325268888e-02
1.451456499922216918e-02
1.756956911327772070e-02
1.810231756394759667e-02
1.850055220641697723e-02
1.946715187534246022e-02
2.105284397559641085e-02
2.206654765274115165e-02
2.535291360281383133e-02
2.290944573665304462e-02
2.655212520693225886e-02
2.892085918448986451e-02
2.986085551850339859e-02
3.260446911252665170e-02
3.388077667799471726e-02
3.656803848385716676e-02
3.828335325429807479e-02
4.296171802546071977e-02
3.432785683115396891e-02
3.884378718233669897e-02
4.099913820070902326e-02
4.433586649560077031e-02
4.673804060543589045e-02
4.655385032973296394e-02
5.148855167152390638e-02
5.528701278481661791e-02
5.956459154464607136e-02
5.190490328431065364e-02
5.470820315329963379e-02
5.667842206424839741e-02
5.865176178133345991e-02
6.181978751751800866e-02
6.674547511632962504e-02
7.147593348864263174e-02
-4.707067903450533330e-02
-4.776393059552084402e-02
-5.243589958960277742e-02
-5.413899610952685459e-02
-5.817301291718354056e-02
-6.059085886892643519e-02
-6.338074285352870985e-02
-3.210470699301735953e-02
-3.295414442917483921e-02
-3.218039751856281716e-02
-3.604363428169107819e-02
-3.718986047039399279e-02
-3.913082158650464659e-02
-4.216604823085590148e-02
-4.407266566464936031e-02
-4.628718976458651158e-02
-2.169861041337070931e-02
-1.918931957300342578e-02
-1.933091004875094054e-02
-2.025598799116135051e-02
-2.224065704016848360e-02
-2.304280375165164083e-02
-2.502294837190974230e-02
-2.722031459020304162e-02
-2.705827615514694653e-02
-8.633854734729740424e-03
-8.915109156029922544e-03
-6.327670598320308745e-03
-7.744206270642582136e-03
-7.644784120088347207e-03
-8.533165096326383176e-03
-9.458333427029395543e-03
-1.006022817444273028e-02
-9.227146340368192270e-03
1.806886198564012624e-03
3.583956805496488641e-03
4.365501393966546816e-03
4.922632906782005088e-03
5.871453601264780588e-03
4.901683502591460198e-03
5.579429943332717828e-03
6.941197146357833483e-03
7.398667273836001014e-03
1.052652737356250291e-02
1.422264432643268774e-02
1.640127304965061095e-02
1.754511016425416153e-02
1.776148184890377624e-02
1.851408765590936006e-02
1.898224265853824116e-02
2.146387724108149431e-02
2.471161357484360013e-02
1.970176929614157399e-02
2.513027277021287476e-02
2.729886501962282969e-02
2.937030954385511788e-02
3.201901396023342644e-02
3.298938867588555035e-02
3.403747402482328044e-02
3.720521842384802436e-02
3.944021162378994610e-02
3.129067346695087182e-02
3.645730999986243615e-02
4.030046379974550758e-02
4.172568851950536617e-02
4.480561370274634830e-02
4.837602982464726808e-02
4.939281119260709868e-02
5.339959642365138537e-02
5.816810755016597889e-02
4.818541098656946298e-02
5.127054033713251274e-02
5.565819722332870922e-02
5.850416234960574557e-02
6.116192139674186956e-02
6.451461505476216440e-02
6.922981845725545424e-02
-5.341323274818170902e-02
-5.741324143312493550e-02
-6.111851553500194378e-02
-6.515036159591092169e-02
-6.768155629569547194e-02
-7.294994010734434653e-02
-7.654778763730751834e-02
-4.036819078736422067e-02
-4.049565203137437536e-02
-4.134120082308132688e-02
-4.191814198365352573e-02
-4.594145993687158425e-02
-4.836898729334385139e-02
-5.249634632484957014e-02
-5.416407996805087943e-02
-5.531941202264956808e-02
-2.599152075945571072e-02
-2.646453863022142639e-02
-2.549394469921143630e-02
-2.844314766815433937e-02
-2.967590203069525590e-02
-3.346577166982520057e-02
-3.493721461150003926e-02
-3.673254313608290134e-02
-3.764843735009986564e-02
-1.429766327744767113e-02
-1.441982447364885747e-02
-1.475781862650449305e-02
-1.365808940364100083e-02
-1.533261118898447337e-02
-1.646197523623171843e-02
-1.828961548445191820e-02
-1.931527288554183222e-02
-1.868806315034352711e-02
-4.489164237329763829e-03
-3.422434325351207153e-03
-7.158782914782532963e-04
-1.004644099531448471e-03
-1.918106383008368878e-03
-2.430194267852387076e-03
-2.736991772633721141e-03
-2.681256650717053942e-03
-2.782166525160445058e-03
4.396556790797004517e-03
7.183432940283528134e-03
1.011980473512156739e-02
1.094202988654014753e-02
1.119046383538740454e-02
1.176053885915661658e-02
1.205714296887500959e-02
1.292605042912434860e-02
1.478662432568650029e-02
1.304325803683357293e-02
1.905902797650375208e-02
2.103809713304079232e-02
2.204464339861978220e-02
2.445301980341255815e-02
2.581671995047011420e-02
2.724773824600158420e-02
2.872585439028094156e-02
3.233949047876741312e-02
2.516022844239769463e-02
2.975480401163885236e-02
3.225362915512269835e-02
3.489966630840687228e-02
3.786599225301291033e-02
3.830479540560666890e-02
4.135222303051006021e-02
4.465414161083590405e-02
4.778860193952617907e-02
4.105279108919932668e-02
4.409506895715486346e-02
4.794558632081589999e-02
5.042055208653214299e-02
5.262759981733860365e-02
5.636250415252894858e-02
5.951734209397441938e-02
-5.672029781065273529e-02
-6.012721864795821797e-02
-6.207059444331224085e-02
-6.689324486266112757e-02
-7.051564080579830751e-02
-7.265892883280475334e-02
-8.166958480487349070e-02
-4.045525162259810958e-02
-4.015266171982782850e-02
-4.226414489791955470e-02
-4.558974790059705517e-02
-4.832624955848534992e-02
-5.009336640171589000e-02
-5.330285691144424909e-02
-5.582340794215742003e-02
-5.406046797787414371e-02
-2.738990371683800926e-02
-2.628007153861201470e-02
-2.707799097028130639e-02
-2.924672067524016622e-02
-3.189436519989043844e-02
-3.336745705153908170e-02
-3.480489241206528861e-02
-3.728555694642363139e-02
-3.696622985560940600e-02
-1.499991051053577162e-02
-1.409500145990347231e-02
-1.346175504087828399e-02
-1.489171771502130308e-02
-1.667388586785316026e-02
-1.766926535011603683e-02
-1.658891332900169421e-02
-1.890938078304262027e-02
-1.557648648605244705e-02
-2.603189803965245182e-03
-2.794068440741384173e-03
-1.054309501927179525e-03
-1.748171018086061915e-03
-1.908080283478519453e-03
-2.435696442057456394e-03
-1.528144099527333367e-03
-1.197784990251046441e-03
-1.034788069260386299e-04
5.849417239518514382e-03
9.991567556036359127e-03
1.067834541450122555e-02
1.151237101029724784e-02
1.235403107149331790e-02
1.149251998347985623e-02
1.197284005142346813e-02
1.412747971205655963e-02
1.720878889157412273e-02
1.713608490265770487e-02
2.077312431021447608e-02
2.196134160761869028e-02
2.372370874379791522e-02
2.647422768425474957e-02
2.607528014113440207e-02
2.704924544249550505e-02
3.087129973045438930e-02
3.526070104508535058e-02
2.856592458395070672e-02
3.189331568292728958e-02
3.590832488196789296e-02
3.678051016401687190e-02
3.901641987367349129e-02
4.027288333903111112e-02
4.319117020044942190e-02
4.669675917669090237e-02
5.040858926708483706e-02
4.453445805416966080e-02
4.736006859930240454e-02
5.032286275877487225e-02
5.425868518229955834e-02
5.627096589930892512e-02
5.919287213995317459e-02
6.255875553661574551e-02
1.000000000000724310e+00
4.234662160143706170e-04
-2.899714050562034553e-04
-4.664611048054270780e-04
1.100344371435322882e-03
2.585825487161560153e-03
9.999999999980492271e-01
-1.066215263056582074e-03
1.051158682688678681e-04
-1.806490457518136717e-04
2.263091401049553437e-03
5.513981106913630123e-04
1.000000000000385469e+00
4.882063179722662821e-04
-4.421565171058483481e-04
-2.154361223802000840e-03
-4.560176722327529916e-04
1.121203373574420617e-04
9.999999999963476993e-01
-5.129266028425714366e-05
-4.158766449130909079e-05
1.116634761533497533e-03
2.045898032385913383e-04
-1.636342355550081829e-03
8.203007841538423750e-13
-1.164364440318442322e-02
-8.272093188484346271e-01
8.987363045865233435e-03
7.342077407529536137e-02
3.182114354288006700e-12
-3.593486513324841564e-02
-8.096462361692489118e-01
6.846607086394773493e-03
5.192788132808418000e-02
2.378637104198028035e-12
-1.207740554201414303e-02
-8.524965428758526365e-01
-1.590620798605642261e-02
6.525047337427036798e-02
-2.921865660261981941e-12
-3.336329222798502941e-02
-8.291022140448743860e-01
-1.723576398835430581e-02
4.423825612001429375e-02
