3.384507454234711319e-05
6.002689747313167719e-05
-5.010349818665822485e-05
5.144460806227437111e-05
-4.139785742735682737e-05
-4.665474662428371888e-04
5.159476387580585978e-04
6.930749696018187751e-06
-2.467289610497316985e-04
1.239542309574570296e-04
6.002863610109337040e-05
-3.256972675311324019e-04
-1.290857824426819162e-05
-1.579429767507094207e-04
6.400401444936647862e-04
3.477748219458398084e-04
-9.707865785923488219e-05
-2.651846007292993812e-04
-6.600323163647304862e-05
-7.835595788244239623e-05
-5.909165593936881416e-05
6.239545639313214361e-06
-2.046316046571718930e-04
3.045268231894524805e-04
-4.271613487999556731e-04
7.765273954452315197e-04
4.710238978403425390e-04
-2.068292590597619587e-04
8.234059678809722632e-05
-6.628218200194612038e-05
6.530793016192653028e-05
1.470038578574728175e-04
2.388995030636709789e-04
1.324411896009071573e-03
1.007708177292671601e-03
-1.852557120707634111e-04
-2.426082389020481334e-04
4.797459123630262831e-04
3.046759382119342318e-06
-4.473769359866003532e-05
-2.771686870858041250e-05
2.652165190954948633e-04
7.525373652653849499e-05
1.589909307570873311e-03
-1.486585176340870953e-04
3.118108590597576130e-04
-2.062398889782809507e-04
-3.353556908110267941e-05
-3.238209082639576674e-06
1.873605187731336311e-04
2.168303743112213168e-05
-4.176235047392060475e-04
4.612868937170825864e-04
9.371799865496574034e-05
5.514899198100545706e-05
-1.234894720217344800e-04
4.915468215814688182e-05
-1.097427268406973237e-04
1.879824097979597029e-04
2.133023084402612928e-05
1.096837266254090798e-04
2.384279831489877980e-04
1.666803380182800293e-04
6.872103346491533610e-05
-7.324620559289894348e-05
-9.893375191801616217e-06
-7.219040459363272437e-05
-8.425029931171773264e-05
8.626123096893953716e-06
-5.284162474580663982e-05
-9.374557426867177439e-06
1.529860597990579871e-04
-1.175238599964101511e-04
5.303371462276399155e-05
-9.770764106508020264e-05
-1.724601837548860755e-05
-1.447811562429460663e-04
2.265757370220018783e-04
-2.954669501834791866e-05
6.065513761008087002e-05
-7.278383176439029813e-05
2.896301899960590758e-06
-1.445884761428190934e-04
1.932575133346570184e-04
-4.798387527590075889e-04
2.230446652297849006e-04
-6.115276467682466811e-05
3.202388899528137872e-04
-9.107621057532050673e-05
1.492014162223559384e-05
-6.974508831929834406e-05
-2.232829054080098991e-04
-5.334180289778880360e-04
5.315373376429023558e-04
-3.276711517964389175e-05
-4.081295292657605807e-04
-2.674928203810431884e-04
-1.494599778004235355e-04
3.600458285513511038e-05
1.924862957304111202e-04
-1.991544494802573195e-04
-4.787778600975510696e-04
-4.089584873154601848e-04
-8.557198356997429249e-04
-5.639848211860876755e-04
2.612026204308374403e-04
2.041370337079120455e-04
1.567472525398318762e-05
2.450659623085356718e-05
-8.991705062844529720e-05
-8.336154982719848772e-04
2.399919547139062930e-04
-3.114282898693720904e-04
5.733006054241113463e-04
-1.843140925958429102e-05
7.818308494420528169e-05
1.534665957382281686e-05
-4.385661239467480765e-05
-1.574769901513923902e-04
9.972769159851156218e-05
3.625573349863492659e-04
-1.849180251220602011e-04
4.781961461543705346e-05
-2.101288721630264426e-04
7.063465049702323257e-06
-1.418273789591583711e-05
-6.279100484742285344e-05
1.183088161468216944e-04
-3.052514794370428906e-04
-1.852965987819948489e-04
-5.282347799245043583e-05
4.566102158030523458e-06
-4.302124895479844733e-05
-3.514564347468342534e-05
-4.230111172321602647e-05
-4.334886394343888958e-05
1.417002392041395709e-05
-5.757815713315738193e-06
-8.937195989627641585e-06
6.542265958731853146e-05
2.595303382773840269e-04
-1.817590626560713094e-04
1.610819193998947157e-05
-6.585087310421434915e-05
-3.453397088380209486e-05
4.158049372827844890e-06
8.503451219879568497e-06
3.576052541516335382e-04
-2.283188642522247498e-05
-2.154650999752454196e-04
1.694544614451328173e-05
-4.341097155086622614e-05
-3.064241680155152026e-04
-5.822916254107062678e-04
2.948828690197001793e-06
-7.013850908571914611e-04
4.762409955698627224e-04
2.559550596793383872e-05
1.099492432624944450e-04
3.632476103291343864e-05
-1.222789821573971294e-04
1.238852202691052666e-04
2.764666044181475360e-04
-9.155520109300874882e-04
-5.157509595632460680e-04
-1.615548989889069764e-04
-1.609616410293164264e-04
-2.633480897144471546e-06
-2.959890603240153462e-06
9.871069077422130666e-05
-2.692248531639645343e-04
-2.963150453115974761e-04
-1.179776295014907687e-04
4.821684033002347834e-04
-3.834827280395216665e-04
1.295556761147631368e-04
5.217290757757210438e-05
2.465001399103198558e-05
-6.674035904633280052e-05
-7.079331026941685983e-05
5.741478792479200264e-04
1.673198110231833191e-04
-3.530235312915778009e-05
1.393379406027161690e-04
3.770070034732432357e-04
1.887670070238770418e-05
9.683580685994623406e-06
-1.567931850994612656e-05
-1.366533480243577398e-04
2.750747508337657559e-04
-1.683155463895818983e-04
-2.981663334072756286e-04
-6.600777236869219010e-05
-5.370558294776533967e-06
6.941389394161648536e-05
-2.237193429396754270e-05
1.542602304573072126e-04
6.693059589186754516e-05
-2.241874619252828685e-04
-4.535160844689995976e-05
-7.492534536842567993e-06
-2.189152593312504577e-04
-2.398274107712741724e-05
-2.490266654244759550e-05
-1.182126198950828613e-06
-5.038287718144285186e-05
-3.534424795324863055e-05
1.474401834112492395e-05
4.289360710270197532e-06
-2.040515457007000563e-06
4.408827474092864504e-05
1.080587923705730699e-05
1.986417389949553014e-05
-1.901434194860427839e-04
7.911823329747519733e-06
1.762643422866259685e-04
-2.815556310189855555e-04
-7.238149776803051282e-05
1.476138153577403610e-04
1.598605802920703543e-05
5.785621455334122879e-05
-1.167734432091379337e-05
2.544601863542343711e-04
-7.716474619283474404e-05
6.402357461221499157e-04
-1.403271403403322237e-04
-7.996639669501669266e-05
-5.106291397454311621e-05
8.016056598269715304e-06
1.511884513248303084e-04
-1.029686765846353030e-04
-2.325185238426658312e-04
3.203309736341780189e-04
9.909784146945926008e-05
5.223394021629871849e-04
-1.003380402773674573e-05
1.331043427071724463e-04
1.602725311395155545e-05
5.136637325964556585e-05
2.693468771718765900e-04
-4.762847569349956353e-04
-2.586157133105410218e-04
-2.262308563178335710e-04
-2.149342309682885545e-05
-4.347361416563307827e-04
3.644992705450919626e-06
2.324930326568244406e-05
4.879874363055617634e-05
5.700783067078499938e-04
-6.377281749850657747e-04
-1.104501455716546884e-03
-2.798921914594952403e-04
1.428945088065143815e-04
-3.357247876792285096e-04
9.313851327609007575e-05
8.700043891700779794e-06
-7.902962195214213693e-05
4.480986997230950765e-05
-3.095418507593382862e-04
-3.127177966519532892e-04
1.636669024665175331e-04
1.162423139533756830e-04
1.650402166698086736e-04
-3.421495697396662456e-05
1.113004199143474834e-04
-2.408364496285394477e-04
-1.316894211880856487e-04
2.825439860234012289e-04
1.544631679379082983e-05
8.982224058534744242e-05
-6.598778896167613176e-05
3.387798737219803485e-05
-1.473717513094413628e-05
1.519649198470929556e-04
1.416069788492163486e-04
1.282733794364460860e-04
1.994159464087838146e-05
7.704488787103171761e-05
-7.978949477733051718e-06
-2.244996686693576904e-05
-1.714087020879758401e-05
-2.402847538850937732e-06
-1.884727133743244502e-04
-1.153849092580692330e-04
-1.893885929737111997e-04
9.843721940303490391e-05
1.125393364969849845e-05
2.178027911620253714e-06
9.024375065738165515e-05
3.046985805222760316e-04
-4.102669970307455671e-04
5.316906953463560424e-04
-1.200692443210958307e-04
1.595776946772959595e-04
-2.450222006416401428e-04
-4.600246295694318505e-05
2.271846855649295381e-05
3.160994056995056964e-06
3.085735522703347985e-04
1.466501266658502400e-04
-3.905323405789566629e-06
-1.376374945674966807e-06
-1.591086382422809476e-04
5.563858223236800902e-05
2.983491371897362414e-04
1.988039607173230583e-05
-1.514073244957632089e-04
1.295078114122576749e-04
6.827095184105162245e-06
-1.013086496790182841e-03
7.235026069195898881e-04
6.109837221150100960e-04
4.115523220721595569e-04
-3.715494242824091630e-04
8.306052515529209024e-06
-5.374984378964103989e-05
3.816952254682735922e-04
5.796378613569921684e-04
4.159561519092045486e-04
-1.841153111539180827e-04
-3.756062002750930676e-04
-4.853700737541916609e-04
-9.149730931057139984e-05
2.475167777301180114e-05
3.003495611167023783e-05
-5.648582598238472162e-05
-7.344579680174246467e-05
2.330016548712072436e-04
-3.758932996157478214e-04
-2.877377279044686202e-04
1.193681327128515179e-04
1.092469426457116683e-04
-3.373630900791943245e-06
-1.103237552905070654e-04
-1.861304825472085529e-04
1.351170337076678426e-04
2.749549910462575886e-04
-1.442178318877592044e-04
-1.230383297039775799e-05
2.035031006122685297e-05
-9.417479703471167795e-05
7.478521368688164869e-05
8.710333784233031983e-05
1.433406791191676869e-04
1.752695789417583558e-05
9.110292526735621894e-05
-9.272476833666020693e-05
-1.949982031404956821e-04
3.633510375024365247e-04
-1.850571867230803302e-04
3.020860877180905164e-05
1.877366055859154862e-04
1.401825325002772514e-04
7.425040871003989467e-05
4.550790225014504891e-05
-5.744575388830131017e-05
-1.622218883137375002e-05
-1.067389330103161082e-04
3.286627284161811123e-06
5.136568521737801664e-05
1.506092409753131164e-04
-2.117997729437122117e-05
-1.079211312797626672e-04
2.664227844889311640e-04
-1.278457008631677066e-04
-9.514708796521962404e-05
-4.001602374362127714e-04
2.236790843392262606e-04
3.183653666557650539e-05
1.659592552684471421e-04
-1.554637549883623135e-06
-1.249573688811830082e-04
5.246933586552890742e-04
-4.204015870860161700e-05
-2.857231317673729682e-05
4.641922539309640823e-04
5.695726105735886106e-04
-2.250043431831528508e-05
2.040750519214823454e-04
3.656684759101120827e-04
-2.470921029240116785e-04
-5.337728952822430465e-04
-7.320330844004099358e-04
1.241721865139561436e-03
8.519845930929373585e-04
-4.342862396417959182e-04
4.087548128501602247e-04
1.630504941706825163e-04
-1.422153332341441763e-05
3.554602588212409575e-04
8.598149053086708883e-04
8.227009806220313788e-04
4.210054651694854623e-04
1.875824908352908356e-05
-1.993111102795183762e-04
-3.938289158505536370e-04
-2.463439082408519346e-04
8.448773327627100821e-05
-1.634528357872059841e-04
-1.858009362361822390e-04
-2.959695303189239048e-04
-1.397110973187515456e-04
1.806935374089194211e-04
4.699995810686478665e-04
2.150022288279159247e-04
-6.437081758169759655e-05
-7.057663758480589794e-05
-1.181018343629317724e-04
-3.554368992532279967e-05
1.115250909383154991e-04
2.247236385999147525e-04
3.120770694988331891e-04
6.061639032973493443e-05
7.397875231221935903e-05
-1.101656845927642995e-04
1.754492824056772329e-04
3.174831866483051788e-04
1.216451140097112905e-04
3.787164975110369493e-04
-8.874705276010234022e-05
1.641678152883695055e-04
3.670968108501996299e-05
-3.740040985077561301e-05
4.662144727214313002e-05
-1.044530713314838623e-04
-2.378960547612303544e-04
6.949574634209310586e-05
-2.724814467791061655e-05
-4.731415755586054436e-05
-1.430884172582553924e-05
1.967694990652508081e-04
-7.254510820601117206e-05
-1.340146208674598429e-06
1.411857131200912145e-04
5.893387750489857799e-05
-5.261790653471367778e-05
-1.966355015121847168e-04
-3.576930023784735631e-05
-8.324468064828845486e-05
-1.645920081921825812e-04
-1.714018505725571108e-04
-4.634029987039830307e-04
2.824091205008996902e-04
-8.093937959795805275e-05
2.669671435031919756e-04
8.932044408344169662e-05
1.014360058576213635e-04
1.096389019305634614e-04
1.867953132608856184e-04
-6.630748747181951621e-04
-4.394174655909076225e-04
2.521741421597525857e-04
-4.076792904353389031e-04
-4.970960797736493145e-04
-1.340573879213908723e-04
-9.648665995681384518e-05
4.623678545254755534e-05
9.492177655560703079e-05
3.366601101159211748e-04
4.650046347326862060e-04
-8.991991406370495807e-04
5.731254182039363507e-05
-2.997831991821370647e-04
4.364822975779305853e-05
3.942884021953882440e-05
-1.714319181996742990e-04
-1.853725933153189671e-04
-6.539659350114859380e-04
-4.895029621960070645e-04
-1.967144805800733772e-05
2.116747110125303123e-04
3.059396206427678912e-04
1.124146062241040766e-04
1.806064605838100085e-04
-5.290588337450791091e-05
-3.162854275236326505e-05
1.030754774684893997e-04
8.716813263755948085e-05
-2.757097124320341693e-04
-1.288536294793611679e-04
-1.033153817366513997e-04
7.285783542410749394e-05
-5.475204479602351927e-05
8.797088112412577984e-06
6.913713501465947205e-05
-2.198726426154302204e-05
5.513571330685751103e-06
-1.066598902934507608e-04
-9.757364732110743806e-05
-1.462285556282457886e-04
9.932722055034723120e-06
2.436884109236546838e-05
-8.799695219815568048e-05
-2.051871341615400172e-05
6.240164198053261863e-05
1.713558519949645305e-04
5.316834965643884121e-06
3.811923685187972163e-05
-4.656544043632295703e-05
-6.131224992925476708e-05
-1.489806746180073445e-04
-2.423107538629237824e-05
7.703004206559100015e-05
-1.944966017705671902e-04
-1.482825940113359783e-06
-1.324830189785401193e-05
1.761682054233110160e-05
9.439156624379162663e-05
-3.534163028014418581e-04
2.525062026035980673e-04
1.116578508289177554e-04
1.524307926387416458e-04
6.878150294495090887e-05
-4.471781016663456371e-05
-4.027959950314142330e-05
-3.497069991378193299e-05
2.029682665400590607e-06
3.112036452677133073e-05
-6.564146206070849490e-04
3.295696876055963643e-04
-5.938956788118168609e-04
2.364840149723861453e-04
3.233839350066389169e-05
2.307263998692131600e-05
-4.553753870691286035e-05
-6.013732937274237484e-05
1.381836612070681033e-04
-1.175076704870581793e-04
2.493438399234957324e-04
-1.193741323018468318e-04
-3.172114474361852933e-04
-3.975856256347677295e-04
-2.486905268696160565e-04
1.966384229811627603e-05
1.487328827108468522e-04
1.785803681591999182e-04
5.066769210451933054e-04
-4.183593064636317448e-04
3.009593756003216812e-04
-3.352455901574689207e-04
-1.988952699857789446e-04
-2.124035322452874814e-05
-4.907884901582803286e-05
2.150772546053036243e-05
-3.901358895634075862e-04
7.138431755151285565e-05
2.992029219399870124e-04
-4.027580902246434796e-04
4.872953113521068594e-04
7.811326873866141288e-05
1.276183519512670366e-04
-7.027294063723630874e-05
-1.326649040768344216e-04
-2.360622993121115447e-04
2.488729234725387527e-04
-9.737137010474052870e-05
-1.383719846794480670e-04
3.475528491055202116e-05
-2.294671471476681182e-04
6.505530891184194077e-05
2.169379980713056290e-05
5.202912370426874498e-05
-2.414955341040530629e-05
8.492078027492933783e-05
9.193862427221156095e-05
-1.312672727824606740e-05
-9.269158383119505628e-05
6.531541553230421084e-05
-1.926719829013380441e-05
-9.350059792139602530e-05
-1.070338491545500372e-04
1.856728431038958617e-05
-3.341393368063713199e-05
1.520638077674306425e-05
1.196041396101444514e-04
1.785496724819200451e-05
4.603347134381433888e-06
1.077715824491371610e-04
1.885481085346968799e-04
1.109223291473244603e-04
-3.014567854342830035e-05
-2.594860772085310542e-05
-7.591219066848801141e-05
2.149501771345817559e-05
-5.829875385828669782e-04
3.172690955281952862e-04
9.613733807992361235e-06
-1.236870865005718252e-04
1.866357088649143493e-04
-1.518105895979620582e-04
1.984923562401385332e-05
-1.152605366170273479e-04
6.153856831762782756e-05
1.827040943152799082e-05
1.033005866714137099e-04
2.924923081683452166e-04
-1.840378181509280144e-04
5.493746882282676044e-04
-6.050111207133324759e-05
6.077221874430994465e-05
-1.302556979322520500e-04
-1.645434688209026721e-05
5.770615808431033748e-05
-3.012950596063918517e-04
2.244294039511278123e-04
1.173357073336465164e-04
2.134999871602772108e-04
-1.450123509725596564e-05
1.393514336676069667e-04
1.012452362094387381e-04
-8.711506071774158006e-05
5.346664271678297205e-05
-5.054263376695517391e-05
6.826953883923476702e-05
-3.071326568149247141e-04
-3.647394926367741397e-04
3.033924602646443074e-04
7.025226540369713848e-05
-1.874255477887748801e-05
1.695981646373406578e-05
-7.984441873975893500e-05
-3.555237525925755438e-05
-7.326420964543707863e-04
-3.325561741005182009e-04
-9.867057068479262395e-05
-3.787616813940639766e-04
-1.099166305601273426e-05
-1.092880198551558508e-04
3.954461533956306243e-05
1.425095028589530458e-04
2.856466989301981911e-04
3.391441407643814784e-04
4.208673157764622778e-04
1.943095972354516989e-04
-2.064878155519183874e-04
1.681759860588462373e-04
3.398560321574887013e-05
2.877127833936687413e-05
-4.925456971446126895e-05
-7.188087085903306238e-05
-7.793090425952367204e-05
9.704120515994520656e-05
-1.750086492301606146e-04
1.853896386613538335e-04
6.550107041893151816e-05
1.236047059018011011e-04
-4.996579783951197946e-05
-1.584498320659150701e-04
-2.076447043403471880e-04
-2.257310597812588117e-04
-2.395749792379895445e-05
-1.441177089099944845e-04
-3.714765458038908722e-05
-5.438668970347130031e-05
5.926841372008618701e-05
1.154360959795304730e-04
4.334542052940466692e-05
-6.062665915917353829e-05
2.572101441772747593e-05
1.466171073621489283e-05
-1.244735606332061451e-04
-1.253570354071869338e-04
-3.658546346510340211e-05
-1.665419448095429428e-04
-8.486895911028373166e-06
2.435943174062583396e-04
1.298262775677929859e-05
-3.924358877713945981e-04
3.447082627281565118e-05
5.967064628666990866e-05
2.452965308422623363e-04
3.778439174392864001e-05
4.850811231062947975e-04
-2.182275524893270843e-04
-2.968440523395790337e-05
-6.607895280473501272e-05
-1.584560007257130438e-04
-1.033869559628514432e-04
-8.254190047225534906e-05
1.536708772989581000e-04
-2.140049000977325467e-05
1.077353676063345846e-04
7.993777422203259176e-06
-4.435416085743382089e-05
3.674830627387171671e-05
2.192015030111546650e-05
-5.658525694456525709e-07
-2.039272632451430921e-04
7.955265728223292695e-05
1.600975173334866187e-04
-2.520772485158175361e-04
6.260399163380436392e-05
-4.418057353513508588e-04
5.699141368057443913e-04
-1.702967817415515755e-04
-9.564273873950406165e-06
2.364083259607218648e-04
2.602072450680987191e-04
-1.613964676713111938e-04
-6.631302723745580770e-05
-1.431453902822604339e-04
-4.029587255164179121e-04
1.845337850296584290e-04
2.486572544055393880e-04
6.991389939079948603e-05
-3.792810028088557171e-05
1.202065216577719590e-04
-1.094036339563613880e-04
7.339407631158882531e-05
1.971443034405049363e-04
2.399873713127318718e-06
-2.194406288486354362e-04
-1.417647240928521791e-05
4.989041738597124265e-05
5.437076455127864023e-05
8.773801639230743930e-05
1.744489205451315304e-04
2.291499097966502121e-05
5.175853884806791969e-05
-8.990805746208436013e-05
-3.591384968489904603e-05
-1.186571307220464407e-04
1.204995852953166205e-04
-1.433444299754417922e-05
-2.359386791881320762e-04
-3.880235479169802685e-04
-2.518628576657366033e-04
9.151772254360044279e-05
-3.563275011847530333e-05
-9.829948789994268489e-05
1.000000000000000000e+00
-2.355512777318221612e-05
3.889982886115423290e-08
-1.145852970120926089e-05
-7.641842236677365201e-06
-3.577001485529356122e-05
1.000000000000000000e+00
-2.632212892229384720e-05
-6.697664793487414023e-06
5.109627158932062994e-06
-3.455441622372344403e-05
-5.927829702374607713e-06
1.000000000000000000e+00
-3.777065736457816249e-05
1.788947913776164992e-05
-1.298681452499561234e-05
-5.399716660775589134e-06
-3.695426533216307290e-05
1.000000000000000000e+00
-3.016882358539968711e-05
-2.192368996090270826e-05
4.755535209098555424e-06
-2.348864174821573857e-05
-1.688621736812867839e-05
4.574636638822605200e-05
1.126963272250699027e-05
3.696872081533506211e-05
-2.995614948587196032e-06
4.355041663965189829e-05
0.000000000000000000e+00
-3.827425892834650310e-05
-4.616659935532373826e-05
2.176634677492244506e-05
-2.352416247537442281e-05
3.617113672543267981e-06
0.000000000000000000e+00
1.143173508917350949e-05
-2.046958190033580161e-05
2.415885293937480754e-05
-9.263250504550345175e-06
3.333659139162727287e-05
0.000000000000000000e+00
-8.815368575805791794e-05
-3.371671451690681651e-05
2.225266653445252940e-05
-3.297096104351046966e-05
-2.952705730717672495e-05
0.000000000000000000e+00
