-3.726885308481686643e-02
2.260316665089909423e-03
-2.128422972889896375e-02
-1.015462108244820708e-02
-2.701590182650221578e-04
1.102656683389751160e-02
5.189162988274471228e-02
-3.245161719362983643e-02
6.640381898796515400e-03
-6.489716669366873102e-03
2.768030420065402050e-02
1.427050592520198030e-02
8.472279261825445967e-03
-5.356745760569005775e-03
-2.658471880620559211e-02
1.899542830222673839e-02
-3.236376597119794592e-03
-2.032120216111207162e-02
-3.636000222183229103e-02
3.262018094420892494e-02
-1.117900163579249768e-02
-1.173833804414762746e-02
-2.775228766396710747e-02
-3.255218736245609878e-03
1.967425975541126776e-02
-6.363930075059920366e-02
-6.783246496972880971e-03
-1.671506318530568969e-02
4.312536342320398564e-02
3.627768572723837071e-03
6.637815250371686959e-02
-2.068562617662170894e-02
8.350520772612276404e-03
-7.496084051601510471e-03
1.971169503931623559e-02
1.963536710527441498e-02
2.026962901678082234e-03
1.092855542045122370e-02
-4.880643302208791112e-02
2.491630485019492164e-02
6.916884366510653304e-02
-3.659563292052640110e-02
-5.592571228533475824e-02
-4.363696834843782540e-02
-1.184437989524189487e-02
-2.526563697116386651e-04
3.388693456079124033e-02
1.247068579921599245e-02
-3.883575769437068448e-02
-2.013018413434108228e-02
-4.841991464995637831e-03
-4.964843143350203269e-02
-1.748993282891861747e-02
-5.386477578298878161e-02
4.350794986420974952e-02
-1.706134315983444394e-02
-2.946320957699593429e-02
1.400468019577412460e-02
-9.052978148481279075e-03
-3.176466834403736395e-02
-8.899435633549689084e-02
1.063102425002238928e-02
1.292448312001939987e-03
-2.848118975332928487e-02
6.320388102200813485e-03
3.112369989865711867e-02
-1.259486376721331673e-02
2.194504400035925118e-02
-3.698825077646594045e-02
2.293737197531603780e-02
-6.532973779440065520e-03
7.454251376614090020e-03
5.029945477154492209e-03
-5.248729987608544145e-04
4.489297569116858233e-02
-5.584997759657758104e-03
-1.538091642602805930e-04
6.565763540300972867e-03
-1.998691040351585277e-02
4.664031258369916860e-02
-4.223699568895017409e-02
3.315388690073080118e-03
1.255836563255243593e-02
1.413535910385366190e-02
6.327363579876349453e-02
-5.918262592151994628e-02
-1.790924789953094245e-02
-1.269663123293477899e-02
-1.750342840058719332e-02
5.329864167639383754e-02
9.004140308071789320e-03
-3.117981756104814400e-02
-6.567438568255591115e-03
-3.497486286485532864e-02
1.382434931802849383e-02
-1.058576088575275244e-03
5.065911637759655181e-03
2.314042606419837791e-02
2.719193292185494160e-02
1.979146236069445272e-02
1.029238893398435467e-02
-1.329800506641534014e-02
-3.318474675443193467e-02
-3.164890706036720125e-02
-1.744559470502588319e-02
5.032235881723723901e-03
-5.807486551115972027e-03
4.537448706669134496e-02
3.221370468151630445e-02
2.155013491408924037e-02
-2.520215923586173468e-02
6.530975233020361315e-02
2.412435677940867607e-02
1.942519995504020727e-02
2.736343941962439408e-02
4.553449926537622705e-02
2.052585126854700875e-02
5.291817945964269465e-03
-1.583803328544956812e-02
-3.697279620434982400e-02
5.677563568457329873e-03
3.590142131292985150e-02
-2.657412622964738444e-02
-2.593861004865578683e-03
-6.772838213534190799e-02
-1.811870909039889344e-02
2.291421945577361285e-03
-3.022225676274434281e-02
4.225178689450947295e-03
-1.729378420667692165e-02
-2.264667859277311179e-02
-2.369126326026395335e-02
-2.478432777114499691e-02
-1.677828280704708741e-02
1.483673747335067031e-02
-1.590791972095382048e-02
4.938293977419730418e-02
1.790988133857931291e-02
-3.575255202833212131e-02
3.555176004938106343e-02
1.512228270624927338e-02
-3.127327449827341926e-02
2.947606331947182426e-02
-2.214429704607714586e-02
4.535801341725140268e-02
-4.830844093843984083e-02
-3.349486865712932027e-02
8.212514594790934486e-02
1.670334243844082828e-02
2.657510282015262786e-03
-6.976796590246059013e-03
-1.298669213708199092e-02
-3.165213356301277425e-02
-1.577736693602538841e-03
3.136889615523312524e-02
-5.515990872744277324e-02
-3.930725332931615801e-02
1.351459259948450606e-02
-4.121873668089671983e-02
-3.880796106022475073e-02
1.141482799122390396e-02
-1.085673972355235758e-02
-5.295671936257370302e-03
4.863725524862171773e-02
-1.073704654813659220e-03
-1.709868284191606511e-02
-2.397086351038802896e-02
3.740879927499900226e-02
2.259897367600950321e-02
2.186769175484960803e-02
2.454880017430750155e-02
-1.873402593901486030e-02
3.222141951539497350e-03
3.246240217537681161e-02
1.923231988301932552e-03
-1.829062839258677187e-02
1.610787236764129812e-02
2.089240867808199453e-02
-1.560850696105122240e-02
-1.242983796149090860e-02
-2.541705881788002691e-02
2.957258037909559975e-02
1.930751612662649774e-02
-3.309435950640903651e-02
3.006881832095490564e-02
1.697371249514705721e-02
1.353534181550281913e-02
-3.661744402488591871e-02
-2.516931764405455629e-02
-2.422712557587294174e-02
-3.629672969555736931e-03
-1.583656878347074540e-02
1.706098334429737365e-02
6.475948256108852996e-02
-4.437115349922110541e-02
2.845959541914359209e-02
-1.256706718552215440e-02
2.258335524372802328e-02
-2.729093945068776506e-02
4.999460275615817337e-05
-9.961103798157783587e-04
5.655587261309137637e-03
-2.271850403423692627e-02
7.501514231019978246e-03
-2.406024615252603041e-02
-2.560307213922886904e-02
3.343578147540417211e-02
2.406539807175623810e-02
1.868798455191452920e-02
3.896599209528016361e-02
-1.549753401459527495e-02
-3.376334624843084324e-03
-2.578473167812422862e-02
-3.417963680890832162e-02
-8.449179045066949889e-02
2.499144102497177083e-02
-2.664473035405447165e-02
-2.689664388980115423e-02
-4.151263595747285012e-02
-3.676765650235014338e-02
-8.732199706908191222e-03
-1.930740286173771025e-02
-3.637188713782497917e-02
1.896454904625224230e-02
-2.527911802350739714e-02
6.460992342921047238e-02
4.396316268232654777e-03
-9.427765546494878274e-03
-1.406837815349756306e-02
8.719500498634416563e-03
3.389813574622319026e-02
1.147058969212170175e-02
4.895212749566991289e-03
-3.032723711893388352e-02
2.129850905206354290e-03
1.423727505635349888e-02
1.941664941591647250e-02
-5.125965441501626613e-02
3.095941513181697802e-02
-3.555762006710985051e-02
-1.687240021206022622e-03
2.289771370386442864e-02
1.918266066674346668e-02
-4.788268148886376530e-02
-3.532876346521688499e-02
1.506153157249804503e-02
-1.012365695405108811e-03
-5.674948233600337830e-03
-2.406587565326639977e-02
2.075892127874244195e-02
1.559395379767171755e-02
-4.813045602199284533e-03
-1.821765453069919966e-02
-5.625430192258891460e-02
-5.677371829392735547e-02
-5.946803856620136441e-03
1.732046323813641459e-02
-3.186013335165946425e-02
-1.941141867309422939e-02
-8.481075053953790466e-03
1.178405874529375036e-02
3.689286248377372790e-02
1.499978892390172597e-02
-2.323841194351001366e-02
1.326479788567654083e-02
3.222426922245331254e-02
-1.993604311775941038e-02
4.551497407282160262e-02
4.443348303414201839e-02
4.797360760341336933e-02
-5.698821794327287721e-02
7.774317273291034974e-05
3.996306228528352655e-02
4.069569657257719741e-02
-7.365051101771267691e-03
1.243641605373286760e-02
1.780258907726924369e-02
1.996556729089698709e-02
3.461143990306639502e-03
-4.280818383519020831e-04
-3.024977952149551438e-02
-1.691610685369613828e-02
3.194594143727814278e-02
3.643241247276347849e-02
1.634993093163634309e-02
-8.736201169607353198e-03
3.308487636469779891e-02
1.260420177540342614e-02
-1.105550120687081271e-03
-6.340248978449049277e-02
1.985948851721176800e-02
-1.361618790293366715e-02
-5.210652862971171598e-03
3.432337187912273130e-02
9.217428911564845909e-03
-1.638219075520622528e-03
7.449555671574757676e-03
1.554223884858550730e-02
-2.039886267108466031e-02
-1.075785123002651056e-02
1.884795848296607138e-02
5.135883140154982179e-02
3.917419465938561107e-02
-4.269534126939530244e-02
-1.129742411645926533e-03
-2.925732629360629569e-02
5.728880475509996392e-03
2.823863097287078114e-02
3.045556170949564444e-03
-6.653723781470648017e-03
4.483196354310465398e-02
1.884447613833870397e-02
3.027300614374440688e-02
2.788459767035240955e-02
-1.131687385405595429e-02
3.818840200449807876e-02
1.171974227494618735e-03
-2.677422686272436930e-02
-2.493995041100462509e-02
2.304612676611795738e-02
-4.122310287477250201e-02
-4.747297436623480575e-03
1.724050738673523972e-02
-3.822114332784722242e-03
6.719420243569397544e-02
9.878076111251589062e-03
4.271843436881238645e-03
6.865105026339569927e-02
5.763666371702677593e-02
1.896551536178215508e-02
-9.531810806278068551e-03
-3.606049421585034304e-02
9.926451389131745254e-03
9.335617776874586410e-03
-4.551886463348058659e-02
2.252411964574489028e-02
-3.375973169938108198e-02
3.362663888893326070e-02
3.090304609768402405e-02
-2.077759129092636436e-02
1.587766364683827758e-02
-4.187003865444589162e-04
1.700104223777662224e-02
1.020314063270749347e-02
-1.003217243675659509e-02
-3.418677899680787335e-02
-8.175988061521869549e-03
-6.594414450679794530e-03
-4.080598529700441707e-02
-6.946689434317864474e-03
1.371826112799338221e-02
5.413790593725295586e-02
-2.055856520949511310e-02
-3.934415782436357506e-02
-3.878509815917172837e-02
1.997339253414584861e-02
-3.840382944010101163e-02
6.030128898890504616e-03
-1.942850253698216387e-02
2.604786222119790870e-03
3.720607241269525967e-02
1.137325254428498376e-02
2.569541265115461368e-02
-2.148703712160586823e-02
2.747392535729250782e-02
1.553468868023690375e-03
2.634381972674198699e-02
-1.960434814187094615e-02
-3.322881660201369020e-02
2.330282429515015408e-02
2.046175364432107485e-02
-9.461465720967905668e-03
-7.144603062804842294e-03
9.003862017688456232e-03
1.154630295658680070e-03
-3.616203287321206883e-02
1.896212108126454909e-02
9.221818293707257849e-03
-4.256396939730264055e-03
-1.461266568888339168e-02
-4.247394437323089716e-02
-3.316376595258591076e-02
3.427968759865335224e-02
1.570051622608613709e-02
-1.467383208464077653e-02
-1.110482273847490306e-02
1.138211206981765838e-02
-1.409126181682811806e-02
-2.463134401737247271e-03
-6.473352298589959974e-02
4.040696838704937316e-02
2.992191097573461064e-02
3.003732805673979198e-02
3.250383896124765110e-02
1.055237868361401724e-02
2.614562094456645072e-02
-1.718496054853962604e-02
-3.319178966653691526e-02
5.802357780595639516e-03
2.272585942699997807e-02
6.395210481717840401e-02
-1.601053025096933063e-02
-2.426685142078238711e-02
1.230057571365158336e-02
-1.334567226113442945e-02
5.799128690891756921e-02
-8.017263153259065328e-03
-5.825768150401473833e-02
-3.119925659996362899e-02
3.228278952776318655e-02
3.014905042855674754e-03
1.204955425541192303e-03
-3.031143837939292637e-02
-3.048818982798377070e-02
3.570811674001375668e-03
2.868497881956542581e-02
-1.668997839061157201e-02
2.149547318127107559e-02
2.989587549593276938e-02
-1.767294306329144325e-03
1.184388356758579730e-02
-7.431121251503345661e-03
1.729785806502850964e-02
5.851905626699361153e-04
2.727230264559826062e-02
4.886891970340933450e-02
4.234155627966530028e-02
2.622229845964821685e-02
2.874719023449704217e-02
-1.236600976214011043e-02
-1.606449885702433689e-02
-5.277161082431047062e-02
1.629311988860751787e-03
-5.271328487842618770e-04
-1.002750323014921230e-02
3.258041985534732010e-02
-2.325974749688245954e-02
1.006374485692260873e-02
1.038554905761718446e-02
2.852750345202994045e-02
6.336600382722062941e-02
2.081470317749052959e-02
-3.614258674560563191e-03
3.252334294662801578e-02
-5.832370296618347855e-03
-1.710508816321092444e-03
7.626573957635127653e-03
-1.074663557540752983e-02
1.664236436505411171e-02
-1.874790332441864452e-02
1.294458753610316058e-02
-7.027147107283797378e-03
-1.936380360137315284e-03
2.602740744943136605e-02
1.223690924378493389e-02
2.752630434832398221e-02
5.106576670663866280e-02
-1.014142118587961841e-02
-1.720145002906274881e-02
-4.857673118264536211e-02
2.096314705561095476e-02
-2.789112835923464664e-02
-1.228671364645308843e-02
9.395471361694700957e-03
7.088528339087379025e-04
-1.044237879468633279e-02
-5.277255595874736499e-02
5.903477241146150301e-02
3.265175266236091528e-02
-8.432555213491614576e-03
6.425977766767597583e-04
-1.125681371819163253e-03
-1.020995664125800943e-02
-6.046211860473443486e-03
6.472042849899544738e-03
1.895764356183083504e-02
-2.500994328245656484e-02
4.855368998287350191e-02
1.644755834906677303e-02
3.345581286091772744e-02
-1.167367069496530810e-02
-2.494470908180806620e-02
-5.156483950193807564e-02
2.114805221126994650e-02
-6.185465315924960905e-03
-4.694021204461258645e-02
-9.426731425905653453e-03
2.438326302815067848e-02
9.318778532266345366e-03
-3.185252008613539271e-02
-2.411078564021822135e-02
-7.575237105398046483e-03
-1.449245866950318873e-02
-1.619785051187757133e-02
2.672303536273576766e-02
2.261101531500983239e-02
-6.454714825249296267e-04
6.815735227898930479e-03
3.349372238476395341e-02
-4.033389958194642799e-02
1.058599224984658332e-02
-3.199625134279647509e-02
1.495352515320746631e-02
8.678032608209020060e-03
2.334481965831782836e-03
-1.130667391389704804e-02
3.354454518507554717e-02
8.605149915543591765e-02
-2.739536972333760090e-02
-1.224491214132881860e-03
4.541765008367699974e-02
-2.062559380594751121e-02
-1.063942944978150257e-01
5.748931897224992746e-03
-1.150993628971028020e-02
-5.616218349785010062e-03
-5.737395216374917284e-03
-2.333991275985445452e-02
-6.440958513424942244e-02
8.995766538169492135e-03
2.771394813110871283e-02
2.008808740722131669e-02
2.310387695795689672e-02
-1.023640468026106552e-02
-3.820744958495621985e-02
-2.468183427586332322e-03
5.249829582683605486e-03
7.121915337766149615e-03
1.595892156877110057e-02
2.884494423761492857e-02
5.341126924980879077e-03
-5.270628046649455944e-02
-1.870381872853511124e-02
-2.316381403852002530e-02
-2.271943372418674598e-02
5.382202427530154154e-02
-4.812813548678727266e-02
4.386998995465645618e-02
-2.278138687665717810e-02
1.531108069069365973e-02
-3.955256784887245525e-02
6.762265687990162179e-03
2.567974771409730142e-02
1.601215255930994036e-02
-1.543603426098464140e-02
2.284554981164288109e-02
-6.829381881783851138e-02
-4.472126435498199881e-03
3.343116572337338083e-02
3.072365414653541876e-02
2.276554618848449993e-02
2.253907627315383799e-02
6.851818500978263185e-04
9.190335072050344334e-02
-2.662928192272782588e-02
-1.068975138236499291e-02
2.409281911425401740e-02
6.142012770445708612e-03
-2.579883410785513420e-02
-4.676240249321233361e-02
6.801014414770148453e-02
-3.970329446845259624e-02
3.240526834195230771e-03
-5.123759820564826456e-03
1.082212776368276369e-02
-5.233191322245421551e-02
-1.155538479638304125e-03
2.112554410432594329e-02
-3.447461319996882045e-02
-1.982763865399651826e-02
-3.016734019957738322e-02
7.646949678560176905e-03
4.561730272964831245e-02
-6.318567971247544823e-02
4.471229463558305112e-02
1.572878465870797271e-02
3.519230773027509640e-02
-4.543528391547395004e-03
-3.736375063150697978e-02
-3.412049715456209886e-02
-1.795931159689292955e-02
-6.472881169746839622e-03
-2.105329208588751708e-02
3.144704998392285761e-02
-2.395919471221910971e-02
-1.536827075654422815e-02
-1.919778013858327789e-02
-3.213502792142018671e-02
5.065426033747647732e-04
-8.029379065254882777e-03
1.742271774423327299e-02
-2.643278664844647685e-02
3.981089071716050788e-04
-2.101053152937339477e-02
2.954264534165503345e-02
5.287220438679310353e-03
1.640049364241304413e-03
8.418475258829426211e-02
3.488581794820293930e-02
-2.997634071679530082e-02
2.318969758787746763e-02
9.890901189674186633e-03
-5.075733579480808111e-02
1.110248272790371853e-02
-3.856766462190211464e-02
2.825223117669726017e-02
-9.283359450596887635e-03
5.045258982389885793e-02
4.412811775449457241e-03
4.217072893566142094e-02
-6.885995666626754455e-03
3.638286192024316884e-02
-1.950953767651791501e-02
1.310164086565747225e-02
1.108535711110342735e-02
-8.282151896868138533e-03
-4.126887745332388086e-02
8.786064253029161539e-03
5.837834320342359488e-03
-6.003249464240177982e-03
4.242022676928523112e-02
5.235136902832076417e-02
-2.219807180020020795e-02
1.085371020735653551e-02
8.076878503509504065e-03
5.433524653426278703e-03
-4.990691041942601353e-02
3.901473194211632634e-02
-4.562334808589524338e-02
-9.039443627834469613e-03
-1.643245052232551739e-02
4.366745320331166108e-03
-1.747465056402163625e-02
-2.137575487737739671e-02
-3.982543925646928745e-03
-4.038145994865821597e-02
-1.434544055382205386e-03
4.733192041973375078e-03
3.422299386381530417e-02
8.601426497027208143e-03
-2.670817573020690255e-02
1.776967262108167939e-02
-1.408700611293224082e-02
-1.757815576636482385e-02
1.547556667378206796e-03
-4.305086251908408351e-02
-1.419105196412798371e-02
4.905042681305983587e-02
-2.233515881671371134e-02
-3.538634583168056083e-03
-7.516446478710707771e-03
-3.574207180416746898e-02
1.269332551456035102e-02
-1.263780217238350857e-02
-8.503140421967213952e-03
-4.323685314942107838e-02
7.801382248188919177e-02
-3.632672818043079788e-02
2.770702623659007657e-02
6.658247754290527731e-02
9.317726790317780103e-03
-3.444284678851729231e-02
-5.564138329154514132e-03
-2.731571100333695257e-03
-1.820483102329945729e-02
4.872516458319884475e-02
4.695255474092776410e-02
-1.288843788047473217e-02
-1.129352532007544749e-02
5.631360691740117629e-03
-4.602281947932040235e-02
-1.289777604580609124e-02
-2.194216300441295675e-02
9.329849374167019718e-03
-1.019996087952085573e-01
2.851550323513120377e-03
-8.234883642132084618e-04
-3.269596526400400660e-02
-7.312024361982631671e-03
1.365109532591853025e-02
1.387649875666238826e-02
1.594358967817197104e-02
-2.107076887355483191e-03
3.031853030165225157e-02
-4.847560130206186001e-03
-2.559004000478732124e-02
3.053213937317613216e-02
6.684586049319304890e-02
1.333497011568345741e-02
1.990197092827146463e-02
3.491256999756515295e-02
-3.644181725162296687e-02
-3.605004547530189091e-02
-3.521690387463545513e-02
-3.158284491758705376e-02
-3.209869796288494781e-02
-2.589953745570075863e-02
7.102954297515941219e-04
-7.689712097542844051e-03
1.643440035417659175e-03
-3.166316652851095675e-02
-5.997975798066613670e-03
5.297480595920152358e-02
-2.982106596286664135e-02
3.190072670615477085e-02
4.591627709881059005e-02
-1.900019378426373584e-02
-5.305237011703568643e-03
-5.789790309077638003e-03
-9.624710077379269521e-03
-2.155789189226728700e-02
1.924297964359959756e-02
-4.383286650966518316e-02
1.636545850961157456e-02
2.536621778759579407e-02
-2.654838540374000050e-02
-4.775169527072518558e-03
1.273296128409726752e-02
1.013772944473041726e-02
-8.724897180091003429e-03
9.263683000611405011e-03
4.902620240290711702e-03
1.201324328984204777e-02
-2.511418627046966071e-03
-3.044990602518813511e-02
1.425415313570486259e-02
3.014017516791714368e-02
-3.383741471321446287e-03
2.337566783774306864e-02
-6.030237181241912894e-03
