3.332439420303104360e-03
9.010692457693024807e-03
3.622483578398782988e-03
-1.415905312489538007e-03
-5.150930459175285213e-03
2.637418884130007801e-04
2.828822591978898127e-03
-2.276513636333896140e-04
-2.398465082659737360e-04
-7.583662559086205845e-04
-1.223510397384931087e-03
-3.701489298115590021e-03
-2.245533321551826042e-03
-3.156534106054240812e-03
-1.692404909565695115e-03
-1.466015986577723362e-04
-9.497061057364220363e-04
-1.414084419909745344e-03
2.651661570285263059e-04
-1.917820196216342421e-03
3.514535923772564574e-04
-3.243387826379054081e-03
2.012160358923452408e-04
-1.332607360129910894e-03
-2.441259282827887289e-04
-8.479466753020942216e-04
-8.651659860727817924e-04
1.342437879877089735e-04
3.630407593240431163e-04
1.219422871331600142e-04
4.717593477842070560e-03
1.089447182977258677e-03
-9.508255402961591357e-04
-9.355524122538283818e-04
-8.115212773133033408e-04
-4.332959996321862628e-04
1.043552096228862660e-03
1.072409341072246697e-03
-2.512056970185930216e-04
6.098929750321637616e-03
2.409945201512941892e-03
-1.311287745500308577e-03
5.362334781232325209e-05
-6.634487301910435564e-04
1.712401857938052746e-03
2.020235896315951581e-03
1.310455242074216875e-03
1.022866558029649278e-03
-9.138428934504852497e-04
-1.966517127625029560e-03
-1.684257882693593333e-03
-1.231357751352774033e-03
5.582901364581185910e-04
1.473865870951752977e-03
2.816779791278298251e-03
9.014212165356048911e-04
-6.227783394369638265e-03
1.789480457629648996e-03
-1.212583022965950039e-03
-9.745577620955854503e-04
-1.049268807326364517e-03
1.674378500744713727e-03
-9.681265286917777827e-04
2.135852124134779428e-05
-4.268532579147908679e-03
2.458594791848178751e-03
-5.174421582282582623e-03
4.699378126825925345e-03
-2.281965660986942646e-03
2.075719928891463922e-03
5.629263815265956108e-03
-1.167137017643766171e-03
-3.867647283081598192e-04
-6.294747250291096718e-03
1.433947230358376124e-03
1.291326671488503448e-03
1.537791474711552343e-03
-1.762717942856432268e-03
-1.953289623262986774e-03
-4.922612678859780710e-04
-2.862412284445385591e-03
-2.083061506037723644e-03
-2.521306770724764459e-03
-1.946486864245432907e-03
1.100312477924254850e-03
-1.920334908111484551e-03
-9.001256769132597035e-04
7.723589444390641795e-04
-2.851091085855265647e-03
2.192612476088597745e-02
-6.183079707835336530e-04
-2.387317739777010395e-03
-1.012410820632640013e-03
4.848839222761081036e-05
1.015984371907235201e-03
-3.423456470505874564e-04
7.625585874203380521e-04
-3.890967855654445251e-05
6.787912116480294272e-03
3.568843630516772836e-03
5.282989886363342186e-04
-2.102178047430193139e-03
-1.097123099538722946e-03
6.179482964454308114e-04
1.312019365205165794e-03
1.864055770368776462e-03
2.411438146146254076e-03
1.595987729901160793e-02
4.597303135491143111e-03
1.007937806897483274e-03
-7.060184614540235271e-04
-9.692753525433750461e-04
1.325434348844366922e-03
9.199163676177936344e-04
1.620322965518120745e-03
3.098473505872979816e-03
9.588586227016105204e-03
6.907573670071782967e-05
-1.049672988811265265e-03
-2.731949172483545685e-03
1.635295264505776808e-03
1.904160014057396100e-03
2.710698473321511426e-03
7.705915992985835732e-04
-2.261347051030523914e-03
-1.756860876319325804e-02
1.402715291799233556e-03
-1.221894860561949236e-03
2.584733482856229475e-04
7.804573856512835028e-04
3.662305378210641005e-04
-1.330304486362426930e-03
-3.102420627260155106e-03
-3.440360241605001576e-03
3.291355780212071314e-03
-5.825070814786297360e-03
1.124842354000261946e-02
7.687900819318416179e-03
-1.535973511416301174e-03
5.980409803258805723e-03
3.319398560150475797e-03
-2.525622848474334131e-03
-1.638047809316440367e-03
-3.417379855824201340e-03
1.832038304169676668e-03
-4.588411177089621318e-04
-1.597257345214639357e-03
-1.180230629259787500e-03
1.874397708016804776e-04
-1.151030992851117662e-03
-2.159742173599505516e-03
-4.207751136314412041e-03
-3.576932859358668976e-03
-8.415385866650289129e-04
-1.176960389920253536e-03
-1.380693324585208215e-03
-6.893462451332543761e-04
-8.749247247800805843e-04
-2.551376157102491771e-03
-1.427709600439228468e-02
-1.849999977536934820e-03
2.187469688455494915e-04
-9.722352822886326865e-04
-2.856875996176885812e-04
-8.208243589107927420e-04
4.536584530521678427e-04
1.058222644530433521e-03
1.993462638929244246e-03
1.297474313014370870e-02
1.880409898258144502e-03
-9.388637803769486756e-04
-4.464837478544564364e-04
-5.858570668245037874e-04
9.248794411172295282e-04
1.421507713131263048e-03
2.567622122163760318e-03
-1.004631342086323431e-04
1.931307180151409231e-02
1.315162494292317075e-03
8.899517535405389312e-04
-1.127590326218088496e-03
3.735209600994049417e-07
-5.173922053934784659e-04
6.071449761662975342e-04
1.085197851714164025e-03
5.347741110883000304e-04
3.697968515433006434e-03
-2.454946542344731142e-03
-1.313783211908572945e-03
-9.144235317646784433e-04
1.230306596521164517e-04
1.338767831137066544e-03
2.307893032731964805e-03
1.609441009824380542e-03
-4.243429467314978332e-03
3.230967346473816171e-03
-1.641968705796449657e-04
1.822097084795536864e-03
-1.040007125078210720e-03
-2.160976176604837416e-04
5.166212296957742138e-04
1.521494474676155992e-03
-1.854250454259232656e-02
4.057449703936653190e-03
-1.271412936712087993e-02
-2.354219800641599303e-03
1.115458204521306909e-02
5.670895945195757182e-03
1.244121523956634619e-02
9.911748823904869415e-03
-2.300639583751326947e-03
-4.275711106996414081e-03
-2.847235758171626219e-03
-1.317868981862709010e-03
-5.129153746935566360e-05
3.235960844200636011e-03
-1.185218829542696722e-03
-2.549343648526089523e-03
-6.691461344492034835e-03
-1.283610951727430852e-02
-1.282423669336488561e-03
-4.363887688374479268e-06
-2.291647141197394877e-03
3.632605545374270606e-04
-2.355387778788031045e-03
5.749409542230993209e-04
-2.499827618921599340e-03
-4.312339719273883612e-03
-9.243432185993705891e-04
1.874146065057407523e-03
-2.201157328298092297e-03
-1.837053355044618655e-03
-1.773467849970648477e-04
-7.266450560591344865e-04
-9.349189944494397560e-04
6.470904949763493091e-04
-1.965910821705392497e-03
-8.349516338706050589e-03
-3.860831710272571993e-04
-1.143824164169041091e-03
-1.344682844744682446e-03
-7.044495330976591196e-04
1.164075588431900954e-03
1.342693012168216793e-04
-1.182461384372210378e-03
-6.776620577472435014e-04
4.503889929933551674e-03
1.311920047818640814e-03
-1.322585425686008398e-03
6.111851087389208459e-04
1.561603959679674219e-04
2.549555605466816664e-03
2.735328553453087591e-03
6.236008839455853270e-04
-2.387388791326917892e-03
1.567862617273789103e-03
9.408472030924507068e-04
-1.358035746253385967e-03
-1.282234467013521756e-03
-1.006814494879558312e-03
5.016265495727326162e-04
2.896211206043122766e-03
3.345155753731126821e-03
-2.985431341319837173e-03
-1.003381717057409347e-03
-3.974209330062650203e-05
-2.328264746916785394e-03
5.759043957555970428e-05
2.476777967327516150e-03
2.693904499539767627e-03
-6.183324643343479643e-04
-1.013432884061834897e-03
-2.675894222013697199e-04
-2.521552728738975235e-03
-9.513061107796908292e-04
-1.285643541924402430e-03
1.145537560032664458e-02
9.130270525642711008e-03
3.723077653065149251e-03
2.366188253910746133e-03
-1.603252906184106027e-02
-2.564596051071593719e-04
8.947453489447886044e-04
1.387301066583968012e-03
1.209058474396619912e-03
-1.654151504451376042e-04
-2.671717402257446639e-03
-2.400575118229084787e-03
-3.223501703187901715e-03
-3.305115818105025527e-03
2.175141207379129721e-03
-1.472361153799008407e-03
-1.552783613794853339e-03
1.108856449424981683e-03
-1.379220114906452854e-03
-2.656880401701361763e-03
7.964649970398772483e-03
-8.681403180931801522e-04
-1.373969712955860206e-03
-2.173802725837207031e-03
-1.203555601935166891e-03
-1.171187514077763614e-03
1.122701137642526104e-04
2.582283725642911532e-04
-2.591227716081569024e-04
-1.014249773568200175e-02
1.558060961349277962e-03
1.041574315451418431e-03
-3.604051065107575190e-04
-3.348589985579068784e-04
-1.001442007047971539e-03
9.385217309305082800e-04
1.868458092361500317e-03
3.725148728657146080e-04
-4.519740274789094646e-03
4.681358037907430714e-03
-2.342937724691500617e-04
-2.634228309416616204e-03
-2.780358107925193223e-04
1.880332742073796692e-03
1.021438354993665920e-03
1.804473377544162614e-03
2.035214568060703111e-04
-4.086865251927588455e-03
2.387064503870148235e-03
1.079799410394923984e-03
-1.517623028866026819e-04
-5.636059301693530088e-04
7.609531675899228187e-04
2.112645308721485676e-03
2.269882716221471863e-03
1.593806095145089419e-04
-4.128118293793777566e-03
8.256471955568681076e-04
-2.587853613399616892e-03
-2.390674506863380011e-03
-2.351318858031803405e-04
1.625711726648298994e-03
1.322153441425347187e-03
-1.659605421742847003e-03
-1.562162534895009114e-05
-3.087040333895142100e-03
-3.920208926252374826e-04
1.563087735612686546e-03
-1.980874412182335662e-03
-3.192014449317333302e-03
-4.848750198960150200e-03
-6.332746159355055401e-03
-4.349780235634856385e-03
1.268419877495439822e-03
1.264795125031501627e-03
9.631580214684659635e-03
2.749605807262148205e-04
-1.486002282949851205e-03
-1.859994142155228791e-03
1.050727137576167036e-04
-1.798280505733100554e-03
1.082017042349424536e-03
-2.489481393594342867e-03
1.770680887651544452e-03
1.462178289829446642e-03
9.058286004408801911e-04
1.996265343451389396e-03
4.859493716780557970e-04
-1.087937546132441979e-03
2.182653635902934153e-03
1.411387296338776492e-03
-5.207359916253699594e-04
-5.126337174454417833e-04
2.907784143828976570e-03
-6.464643219371637994e-05
2.551875621899686586e-03
2.455262903006020375e-03
2.088080210946967330e-04
-6.537663678034080252e-04
2.057021318588980741e-03
-8.565474008816187368e-05
-1.611119604464915020e-03
-7.227278383814539353e-06
-2.449532030642978531e-03
7.910433700511476651e-05
1.477426509372818664e-03
4.124346970448278249e-04
-5.587437752204577057e-04
-8.260184531939853553e-04
-6.870722600544176134e-04
-1.252293588887570461e-03
-3.119767335942281658e-03
-1.594168126814417014e-03
-3.970241382780514972e-04
2.037963994761089748e-03
7.256434191683022727e-04
1.302882905743235620e-03
-1.786338074946602905e-03
-9.102385540089644178e-04
-1.684864537977857901e-03
-1.552873525973639396e-03
-1.173023932063733954e-03
8.684982584053081017e-04
1.289661660958642958e-03
4.154664975665467441e-05
1.167167309443137985e-03
-2.432024644186740053e-03
-9.632876371940615745e-04
-2.724369100337650437e-03
-3.338743689783665869e-04
2.793129461918907736e-04
-2.038400238087607896e-03
1.236678025251167212e-03
2.327210941967680635e-03
1.412743589098010115e-03
-1.613131879540890493e-03
-8.947342232399069228e-04
-2.101045670601337650e-03
-1.135269143547564842e-03
-4.585698642893751287e-04
5.943792596815773710e-04
2.454291290797154523e-03
-1.177774390494212842e-04
-6.001550244128283154e-04
8.515587225594277443e-05
-1.356448574949197308e-03
-1.088721025474428949e-03
-2.881567960930538942e-03
-3.547156190682930477e-03
9.277054216164579148e-04
-7.732730439842655512e-04
1.743774142773706071e-03
6.380516500220138887e-03
1.876593708065171784e-04
-4.670838230529227725e-04
-1.429120342354109341e-03
8.560844155825822477e-04
4.482374142635932486e-04
1.062889342856209590e-03
-1.411795377767463555e-03
1.628038745316015556e-03
-7.859085796619886405e-04
1.844004148389881761e-03
1.514427770623116148e-03
1.387847758567858913e-03
9.068303373877990847e-04
2.026248524415587803e-03
4.712568586871801468e-04
8.725332795109404238e-05
-5.587962780748236599e-04
8.111933299681682238e-04
-1.703580797193508800e-03
2.185328087153461801e-03
7.483709719186756870e-04
6.741842985514157754e-04
-1.242669105424049764e-04
-2.187216324238030595e-04
5.879723005145151560e-04
-6.807348049599100392e-04
-1.666470611596825024e-03
1.755259138860411350e-03
3.479083220035514984e-04
1.671770394870684268e-03
5.329290400030786690e-04
2.108381008553626007e-03
-9.165464480828285077e-04
-5.925899907005295619e-04
-6.291587101114846925e-04
-7.408188290759750490e-04
-1.009568705372668879e-03
1.575389784150539596e-03
3.335679172203877274e-03
2.219514064484878063e-03
-5.190870639026137767e-04
1.656196461603761695e-04
-4.012335531850814811e-04
-1.363984940504847990e-03
-9.868468622382664535e-04
1.579037937548483442e-04
8.455972630615933572e-04
1.586970878623569781e-03
2.476275680738389273e-03
-8.121187178039245003e-04
2.304176910763316988e-04
-2.717271409595017895e-03
-4.633936584946540815e-04
2.618048720749721614e-05
5.512405243816125011e-04
-7.332532738402782607e-04
2.044381199191716569e-03
2.609801548108265506e-04
7.448997358179450246e-04
3.003480458053653379e-04
-1.521562162878981744e-03
-1.864043777931582990e-03
-3.352559984415208819e-04
1.401154266010125327e-03
1.221226165281658754e-03
-1.073226182587427857e-04
1.583288492284215532e-03
3.234344370735349646e-04
-3.690690753779431177e-04
2.566974689731663789e-03
-1.387909895132551086e-03
-2.384648792489814720e-03
-3.373882524209059763e-03
-2.328266377217877436e-03
-3.188814983288417587e-04
2.526110597738315255e-04
2.153692204667314800e-03
5.072636873536061353e-03
1.885572342162966653e-03
-1.537640948802494745e-03
1.646257378706140594e-03
1.657518691586874759e-03
-3.562062265121401783e-04
-9.874861004802448772e-04
-4.609134723226769245e-04
1.746341726815257497e-03
-7.163574737748881760e-04
6.110755043790046942e-05
7.092327705390533144e-04
1.940896164861483086e-04
1.928264732826461686e-03
1.001272225635754104e-03
3.801567570196895396e-06
6.047949493124676890e-04
-1.223216700063679829e-04
-2.187212345770322974e-03
1.120815456190092478e-03
2.370298546508568284e-03
1.077165271145780895e-03
8.578297146293704933e-04
2.035320873144747661e-03
-1.422766502070524700e-04
-2.336519888893530406e-03
-1.184956581624971306e-03
-3.959258273658741722e-03
-1.724909483884106559e-03
1.746821543444639080e-03
4.784776427771975094e-04
1.771900997968964275e-03
-6.389209493090595993e-04
-5.486715702364419744e-07
-2.532166568168077447e-03
-2.507343959479415609e-03
-3.366107108441689783e-03
-4.523556839703297972e-04
2.647091058719706902e-03
1.733335584005318841e-03
-1.430079173922363389e-03
-1.136883853523508372e-03
3.651801453050107504e-05
-1.274947003704410275e-03
-1.166744361331156776e-03
-3.595071084799145167e-04
8.111211864272448863e-05
2.331382341361681876e-03
7.103159949971259157e-04
-2.547303275075921136e-04
4.743483629377868993e-04
-5.777929516716621972e-04
-2.233345768659789760e-03
-6.204723531327283048e-04
7.405800907148089862e-03
-2.258210634773036296e-03
1.778928339886932984e-03
2.502340576512999265e-03
1.394735434868028118e-03
-1.283143181055851345e-03
-1.307567084809940251e-03
-1.546737668807200011e-03
4.049892430241092134e-04
-1.063533608919604162e-03
1.366470857053533883e-03
1.535511276016312925e-03
2.377133939167462573e-03
-7.694224060368209939e-04
-8.580520931868174106e-05
-3.557797421607084010e-04
-3.860641164750433507e-05
-3.608306465998623730e-03
-9.695303839129157386e-03
-8.163494400694998321e-03
2.338129958177840445e-03
-1.518893089198382514e-03
6.480530847311209014e-03
5.315958852853866490e-03
6.751149151844777763e-04
-3.486264822324164694e-03
-1.194374032105548905e-03
-2.974257153287765409e-03
2.861149974204979388e-04
-8.576036799038131223e-04
2.882955787105803691e-04
2.859736920865826176e-03
1.079379089622466668e-03
2.321920697137450085e-03
1.547366413329778062e-03
1.588613463393640304e-04
2.177018258088690358e-04
3.643354075882968002e-03
-4.009373582525288526e-06
-1.364324744708534515e-03
3.349687490624645575e-03
4.559184469052294381e-04
-4.512603954121910399e-04
3.976401431918918233e-04
5.362623743177669100e-04
9.319234443612954555e-04
3.905724038204671372e-04
1.744503070314484816e-04
-9.515913221015605966e-05
-9.746834146652505471e-05
-2.446983831431718409e-03
-2.318252643351073616e-04
9.182734077372092796e-04
1.238343606574935502e-03
1.201715055977726695e-03
7.702549113398574759e-04
-1.363274943399321593e-03
-5.328372982635089239e-04
-6.031038625874465819e-05
-6.211473785545483170e-03
7.088171850241908878e-05
2.012086942519281108e-04
9.811592246360724412e-04
1.608569063437283869e-03
6.509137305728126752e-04
-1.220020060320901531e-03
-2.037726931886071902e-03
1.011927223820582866e-03
-4.818592350054690110e-03
-2.161545086163340311e-03
1.266722037184257049e-03
1.766884811021183187e-03
1.885471452288504934e-03
-1.828245872933925709e-03
-3.286498190027803065e-03
-3.599658438623865031e-03
-1.527950744494128814e-03
-2.070829568340782148e-03
1.987053156371362816e-03
1.312086478656873320e-03
2.604262695214791534e-04
1.055771660828656172e-03
-1.966952032709724796e-03
-2.428342990425595704e-03
-1.449090856260722582e-03
-1.708735469569885868e-04
-7.091636818847401463e-04
3.540860541921958538e-04
1.569812001067649732e-03
6.465467928241999673e-04
-2.821943604237008019e-04
-2.127618972521068408e-03
-7.221975791579550441e-04
-2.430061979728451865e-03
-8.689621937792057355e-03
-9.758785396827646119e-03
-1.608564153960961862e-03
-1.459120922204598658e-03
4.088176241910011777e-03
2.795221967014739628e-02
-3.060293315611337800e-04
-3.097959066758054769e-03
-1.932689407524654235e-04
-3.339796826878568131e-03
-1.278673694834770586e-03
2.554999186510642506e-04
-3.313670689038955564e-05
5.379226370721792647e-03
-2.818566310045490797e-03
2.274655163457851847e-03
7.243516381791187397e-04
6.188305648509272172e-04
-1.527091773873660852e-04
-1.189296698198050867e-03
-6.580621827843996519e-04
1.534502476687568846e-04
1.239969780373374915e-03
7.030747226562661378e-04
5.945603651534153711e-04
8.077837257847216706e-04
1.868590098971466273e-03
1.345752890098181331e-03
1.370237513645328371e-03
1.062585308723090066e-03
5.594181101434021058e-05
-2.228811354685000801e-03
-1.440568200764269502e-04
-7.171278845669037949e-06
1.082193768624367669e-03
3.032171250270245672e-03
1.939693751753568396e-03
-8.139473489607931822e-04
-9.805028054103645530e-04
-1.701191364417389829e-03
-2.140651576632367215e-03
-4.904978926736497380e-04
-2.325227618429029364e-03
9.749397261790858013e-04
1.286358604119233404e-04
1.205696260279639012e-03
2.834281594456880549e-04
-1.366532861574640788e-03
1.686494687291179018e-05
-1.447336133435665750e-03
1.059097010267916888e-03
1.215932913174677665e-03
1.326303217815093249e-03
1.326583507283277986e-03
-8.220896897145977406e-05
-8.590137843709870491e-05
-2.102493094181395739e-03
-1.204044850935066802e-03
-2.888998548681985523e-03
1.278713204020523464e-03
-4.074144534471288437e-05
5.856421516180695952e-04
1.096534457454638976e-03
1.028886236224928197e-04
-2.730571461150212847e-04
-2.486545562648047672e-03
-2.139655333485599234e-03
-7.124098611335887010e-04
3.972182669808622946e-05
-1.729375968015714905e-03
2.264530660291211306e-04
3.046206176124138798e-03
1.897748937148439896e-03
-1.147862937191729531e-03
9.124696687465363998e-04
1.209331767903763268e-03
