4.207741426561841273e-04
1.632886039031068368e-03
1.708345663391916272e-03
-2.501110377449376393e-05
-2.484801500164958410e-04
-8.616343602179611563e-04
3.931917260269451441e-04
1.950288655291727239e-04
-1.181292399993759705e-03
5.452527333709802394e-04
2.643301561235190727e-04
-1.487268626698095685e-03
-9.915121299264647182e-04
-7.227703482684709945e-04
-4.403997401503139319e-04
4.083027366136499406e-04
7.152972418045968456e-05
-1.987665103396348237e-04
1.300450768673778144e-03
-7.008881685180165055e-05
1.921892690453749536e-04
5.651183673202485238e-04
6.264505382797874635e-04
3.375960195372560069e-05
4.558085093606933642e-04
-1.522535396190617088e-04
-2.586962398275419314e-04
1.649432016196542906e-04
-9.107521348606831919e-04
1.899023209272505692e-03
-6.199776260121016031e-04
1.463358406316057729e-03
-1.467609065571495914e-04
-2.712544513804680661e-04
-9.083814936654087792e-04
-1.200771993281036631e-03
-2.216531665974280603e-07
1.138755400554868926e-05
-2.201328259384989082e-04
-1.141932084319814168e-03
7.454428072949709130e-04
-1.684855619833105383e-04
8.699001213505310262e-04
-1.656497695955523076e-03
7.667893135488458567e-05
1.210294505868136385e-04
-2.979248283019935925e-04
2.275853475882913307e-04
-1.012844956043266196e-03
-9.903822529493458687e-04
-1.044705145105557283e-03
-2.870397128314737534e-04
-9.976285914816276706e-05
-4.539541898032428495e-04
-2.723049956788869280e-05
3.966456617469599579e-04
9.830229628702603657e-04
7.804551944795583198e-04
2.527774426617342900e-04
2.454617880650276636e-04
-2.897168405503391594e-04
6.280641622894749454e-04
-1.243141439807727905e-03
1.620839997320573135e-03
-7.765385428188338384e-04
2.368102717083386127e-03
-2.155742159801249478e-03
2.089901147048732477e-03
-6.358380769872967525e-04
-3.228830835175355439e-04
1.937346987966275576e-03
-1.427578197559896541e-04
1.687204202903236621e-03
-2.411441992145575231e-04
-9.650139826469461514e-04
5.442040868913852096e-04
1.392078662921090136e-03
-1.481435749689758970e-03
-8.820205144417337479e-04
7.836720964298298474e-04
3.511181821977180486e-04
-1.280079128540375115e-03
-7.276355904146752885e-04
-1.057416727154148785e-03
1.218735181906312366e-03
-2.555023330451703344e-04
1.761583802141088303e-04
4.783518759511269690e-04
-2.335159296958381396e-04
1.331507877715604410e-03
-7.441220479277143706e-04
-3.885973202234240778e-04
9.114946690356953588e-05
1.132328194694025379e-03
6.079556063010812562e-04
-3.135312010445981553e-04
-1.650258195647400341e-04
-8.418012954398460760e-04
1.008002750172798260e-03
-1.742571894958047987e-04
2.408020485092135488e-04
-8.829310744834702749e-04
-1.236503441780823257e-04
3.923729604656204920e-04
4.907173957116673160e-04
-1.107002580892751378e-04
1.724927332669076762e-03
3.644744710630780891e-03
1.531289949384904698e-04
1.058702930119824600e-03
7.775421467039171251e-04
-6.501842619009599519e-04
4.653836403292772449e-05
-1.153397145000836007e-03
-1.134508563968619635e-03
1.115053313759941170e-03
2.017436337849958135e-03
3.850828716104946867e-04
-3.687707600550691562e-04
-7.943779861560862354e-04
1.442637773798297876e-03
5.396988598505131872e-04
1.232879228339567833e-03
-8.543037279113442064e-04
-3.590525100886070449e-04
-2.757135587203580433e-03
5.501250835155224554e-04
7.222581922843416971e-04
1.057664728611882243e-03
1.011060455026909421e-03
-9.769059006920673081e-06
2.581379663639764418e-04
6.766926476299763450e-04
4.487123023099077318e-03
8.476490759836683743e-04
-1.492425489561998656e-04
1.751321143981878251e-04
2.150257422172964592e-03
-2.590671903002387828e-03
3.787287812252147778e-04
-1.355862742638571348e-04
2.052134353618273064e-04
2.823644549924450830e-05
-3.846371604177695734e-04
-1.170079074620519673e-04
1.369077472195335036e-04
-5.904131034669996437e-04
-1.949683901108442219e-03
8.544915934200529800e-04
9.332137050363470236e-04
-8.176594752877355864e-04
-1.531821034737588507e-03
-9.354385740635600592e-04
3.569028921930183368e-04
4.334781699008561327e-05
1.222143782704104571e-04
6.048643699109116766e-04
-2.455611841565633600e-04
1.238696731390214736e-03
2.660832434186397033e-03
-1.168229689618813022e-03
1.753691124439052743e-03
2.005842667156589336e-04
6.785511146384176845e-04
-1.504106622767564306e-04
2.544815004684298056e-04
2.662731705571473747e-04
1.602302164399982670e-03
-4.098951902999795581e-03
-6.643446463203042229e-04
-1.707182522570362918e-04
4.513539986927611256e-04
-4.530649762399507874e-04
-8.485893503326600879e-04
-1.673835884829899382e-04
7.220259891010588149e-04
4.305860521375237909e-04
3.483933866014732404e-03
3.586671073603552116e-04
1.401502858181214676e-03
-5.330201963710007074e-05
-2.893383766120665519e-04
-1.018819043499479644e-03
-4.163337164398059863e-04
-1.298994024488649320e-03
-4.213544025006252551e-04
1.065671927975552048e-05
-1.398610799259928512e-05
1.981610490442744761e-04
-7.191642465574380415e-05
6.146306789976784110e-04
5.419707091545446741e-04
4.281791588491293201e-04
-9.108077613759191487e-04
4.326707763806206708e-04
-6.446846102197356047e-04
1.780631831366031649e-04
1.510783696349991692e-03
5.313039529065766760e-04
-3.031751164395854415e-04
-6.326030512057112488e-04
8.367535266143101048e-05
-3.142054001574679650e-03
3.688991386341290718e-05
-3.931375174138011276e-03
-1.993996112615895283e-04
3.580164889465461291e-04
-1.601472834327326896e-03
-4.504674229220390189e-05
1.608189561802653546e-03
-1.248072162848906316e-04
-2.078500890413300436e-03
-1.408727165751217682e-03
-7.422136097411091964e-04
1.824001251362865751e-04
1.790428132095522830e-03
5.461716808081085503e-05
2.650628407686150389e-04
-4.086981131961807639e-04
-1.236673756442475697e-03
2.424775323241629697e-04
4.534116986579773642e-04
-1.021933433500069217e-03
5.305323527307967283e-04
-4.070332124716756744e-04
3.471769204994896042e-04
-6.200488581150110116e-04
-8.921574850622254966e-04
5.002118763610632034e-03
2.317924433453044577e-03
-1.030404406159087871e-03
-1.059294160743060043e-03
3.506088266013096728e-04
2.147273176294482890e-05
-2.658408175279902805e-04
-5.572836561830710655e-05
-3.597549785493810636e-04
1.654878098977100205e-03
-9.968219520691060098e-04
3.348998840061635654e-04
-6.405399162367252444e-04
4.056206515320109418e-04
8.795313055414709412e-04
-8.870682203106253726e-05
-1.586027596640022380e-03
1.487335432657739336e-04
-7.096739968852197112e-05
1.612185844196365998e-04
-3.103324614501737767e-04
6.268817710340673531e-04
-5.949650633981717288e-04
1.461513921962218814e-03
1.174231417747077788e-03
2.652843968642308126e-05
6.852583460115790935e-04
3.086935042982740483e-03
2.258219687733195591e-04
9.573771638788040872e-05
-3.628395718682804320e-04
-8.902439204736694884e-04
-5.165219034557968656e-04
3.149804107158397253e-04
1.481203943912243887e-03
-5.338202207881422804e-04
-7.727645188047016760e-04
-2.604158303661953519e-04
-1.243610238362037167e-03
-4.874787929082038578e-06
5.106180229764403127e-04
2.035285776852235643e-05
1.730835726205702735e-04
2.259245831173069502e-04
8.050184033560696915e-04
-1.376111394014816174e-03
1.437839789920723071e-04
-7.520937834327637685e-04
2.939596593738549911e-04
8.169274811705684028e-04
9.400413742616720763e-04
1.333293765501658307e-03
-2.903032553437233810e-03
-9.515881797495356334e-04
-2.177328326486294564e-04
-1.060044095805157431e-03
8.982113293232164798e-04
1.272376953093220858e-03
8.220290467558433374e-05
-2.166394647669914967e-03
-3.641590965895372795e-04
-6.346453013783483633e-04
1.982898808356801067e-03
-5.805834683699451172e-04
-5.485714760425969196e-04
3.479949140608087758e-04
-7.748240113686385815e-04
-1.561637921999331914e-05
2.782616260393125374e-03
-6.549950079296305979e-04
6.628657976064577725e-04
-3.492049031185998011e-04
3.691489727292788630e-05
-5.780828116194536639e-04
1.144315229494600783e-04
7.321542845239058976e-04
5.270508366249389677e-04
-9.435008139949964097e-04
1.300999313593494274e-04
1.144507099167252871e-03
6.544024181934343090e-04
2.081476508468440819e-04
-9.043366265507813600e-04
-4.591037150353662966e-04
3.902276215862916504e-04
-8.419512527766844206e-04
-2.219255096305281730e-03
-8.865973081320371743e-04
-5.795126473233891363e-04
-1.069167553011214937e-03
2.536591110701799006e-04
3.337653394244177989e-04
-3.069234005192885946e-04
8.170353085667648855e-05
-1.202651817051359406e-03
-3.477661002670669622e-03
-1.462407981939235638e-03
7.191418758558111276e-04
6.992902695957824198e-04
-4.531515585717265770e-04
-5.374412962917040010e-04
-6.016717981112868911e-05
-2.398900875658194047e-04
5.771603123887656360e-04
-4.225611005346165128e-03
5.931186563567187675e-04
-1.200720916898549663e-03
-1.264771807348617902e-03
-4.190234975792212369e-04
-4.691928663694582740e-04
-2.171193552499539852e-04
-4.437578765857241333e-05
-1.000629840173327019e-03
-4.331909878589302004e-04
7.416587533659817601e-04
3.866384892044866738e-04
-1.126394819360555062e-03
1.254077138199549820e-03
-6.604596458809086114e-04
-1.041439073102944394e-03
-2.232350482995358251e-03
1.352636256064222936e-03
1.003929174776138985e-04
9.854555597523953308e-05
-1.871747331122622588e-03
8.107634628606952363e-04
-2.559662281855049916e-04
-8.695842552272705663e-05
-7.915424983955561674e-04
1.257218674283244525e-03
-2.035462577846713222e-03
7.438275589013996266e-04
4.745882229838328586e-04
2.999071298963792162e-04
4.475613761147279241e-04
-1.090537464337163918e-04
-9.485919968586706275e-04
7.901988638247790537e-04
6.007054787048316229e-04
-8.930023409760464966e-04
3.171694599185825598e-04
3.808662480811139694e-04
7.001145818704374111e-04
7.127672440223911622e-04
5.471688123977997515e-04
-9.556382317238502596e-04
-1.246427051451068488e-03
1.814722611315950068e-03
-4.411232884267657826e-06
-9.735343807207535007e-04
1.485363474734435535e-03
-8.313451565165906392e-04
-7.877057970735511043e-05
4.914884459859307974e-04
-7.877834078733688848e-04
-1.006602398271038432e-03
-7.506861529048493471e-04
3.173152044035949413e-04
-7.854270119323434327e-05
-2.070278483490953052e-03
-8.991825361019676938e-05
1.246723734761552636e-04
-1.646559774449514902e-04
-4.308702993748521380e-04
1.290963854113372266e-03
-1.125283570979259675e-03
6.277588301348609602e-05
2.190605265630477829e-04
3.527548325095518600e-05
-3.256280746283516823e-04
-6.027833455352180243e-04
-3.961538271961966310e-04
-1.263502523083650294e-03
1.130289978794744290e-03
-7.882191296495366000e-04
7.736701076267618431e-04
-3.683862493632945054e-04
-3.236343882515402910e-04
-5.827643568530703607e-04
-3.377183243708956300e-04
-2.460054028348978043e-04
1.021903795011208779e-03
1.147189715421015896e-03
-4.977075792249610825e-04
1.339230796908021407e-03
4.079583833609112527e-04
-1.284081100874161956e-03
-2.087931376980801295e-04
-1.685383475848856291e-04
8.022631703916868707e-04
-1.405757529164568167e-03
-9.321475110326667363e-04
-1.765396555933535286e-04
-1.235669235523956678e-03
8.521045667627967545e-04
-7.837180042378248061e-04
-6.506824400298588792e-04
5.842127131650936807e-04
-1.881441598471320434e-03
-6.397337405970634615e-04
5.590492976844435493e-04
5.184745976693612641e-04
3.039752942268597840e-04
-7.482887681329963934e-04
8.413121009866082745e-04
2.146065474074098181e-04
6.011693239735066896e-04
-9.853832970964323569e-04
2.999944568174461629e-04
-6.531461335344137349e-04
-5.146456405363713832e-05
-9.433970883515865251e-05
-2.353223722024967094e-04
2.381816521118374451e-04
1.005984544002270446e-03
3.048010977635009599e-04
1.102361070840396400e-04
-2.647278391220774004e-05
-3.934166223180816311e-05
-7.204980869802360280e-04
9.910829260410924501e-04
-4.720392328743876318e-04
-4.341036375158729109e-04
-6.706054098503405224e-04
-5.009238688157205540e-04
1.797007990460307346e-04
-1.301073336969254450e-04
-9.372126705183944813e-04
1.095634144377363207e-03
7.027278215799986905e-04
-2.262070854135431522e-04
-4.347020378560346315e-04
6.123322282430732500e-04
-3.821923493708155378e-04
6.889687004670308219e-04
9.061589323931556106e-05
-1.267294856181574612e-04
2.158299171774918221e-05
5.729481788584061576e-04
8.689396835851371679e-04
5.421887425297466532e-04
-4.287045244984665979e-04
1.529683364605968245e-03
1.249307421071189916e-03
9.802794166085392492e-04
-4.751376538192385920e-04
-7.924545726239166530e-04
-2.808029629446077589e-04
2.506909655506567086e-04
8.327117193433775924e-04
-2.263802648989673560e-04
8.480079791898338312e-04
-6.137666873982209909e-04
9.778544904194329344e-04
-8.292341180057758148e-04
1.583677891895366341e-04
-5.960554702386618772e-04
1.266725205107482877e-03
-9.822189026519208537e-04
6.824635042568346266e-05
7.136371830121177604e-04
-4.813790788731882813e-05
8.766831889142522516e-04
-3.772824600245704087e-04
9.463193755143039414e-04
3.530600274235283303e-04
-2.511342845900897246e-03
5.887740094355684538e-04
8.204974160214513392e-04
8.714070572405555439e-04
2.000873082135539870e-04
2.124315385771968507e-03
-7.957726371111482726e-04
2.852102568152445686e-04
6.997634767782231861e-04
5.293414959331659659e-04
-4.723028865245323515e-04
9.702962325754778058e-04
8.825198979102960681e-05
1.889016861044704105e-04
3.674748310226632936e-04
1.022756617432430586e-03
1.045099132175384424e-03
2.257215599494152207e-04
9.480058916224082038e-04
2.844731049646980511e-04
4.018251290726576955e-04
-5.535723306322862030e-04
-1.816098275263324001e-04
3.357185595408055756e-05
-4.663504659402837574e-05
1.081877064262720331e-03
2.448960422829925179e-04
-5.216007048521427913e-04
1.746452849295863192e-04
-1.233991115581819923e-04
-9.506584610817330741e-04
2.620719020874484736e-04
8.450558841031135734e-04
-2.115049661364830174e-04
-5.563565163446611847e-04
1.038964688762133992e-03
-3.670294120779970496e-04
-5.880881588475338250e-04
-4.166790678604538010e-05
3.619015399024311155e-04
-4.528402059531256283e-04
-3.579250432591034249e-04
-2.298139493384653866e-04
-1.505053447197364763e-04
-2.009960697450998302e-04
-1.503588888644698101e-05
-8.120589593953116180e-04
-1.495814835108829352e-03
-1.138557973900963891e-04
-7.853276308374426652e-04
9.205919955956916182e-04
3.031828487954836993e-04
-1.227677135832870928e-03
-4.352109726674174774e-04
4.092561656578114020e-04
-1.935899372034700016e-04
-5.461579064292659781e-04
3.187390315652564973e-04
1.434534797436207349e-04
-4.796424471679899327e-05
-7.179007887044696213e-04
-2.390804622066682516e-04
8.658527554263624861e-04
1.403041850558114012e-03
9.569320124901781275e-04
6.511569118890269195e-04
6.465657520832100410e-04
-2.903932558737112803e-04
4.456396054896117438e-04
6.341586479811718753e-04
-3.782632373616200442e-04
-5.122127882593348206e-04
-1.059038520068355453e-04
-6.692603350431035845e-04
-1.794496746005786955e-04
-1.181281029310849925e-03
1.943252930531585727e-03
-1.855675867821156072e-04
1.097384166498819365e-03
8.229237534324874417e-04
-2.407609912404274862e-04
-2.541075170265876112e-04
-1.897493987392212794e-03
7.954336157165675875e-04
-5.910554231558645677e-04
-2.127095748055133750e-03
1.949910106086770239e-03
-3.585759872439969222e-04
-1.424024436760152864e-03
-3.554047350999387390e-04
9.705139416972313662e-04
4.557402839513110832e-04
-2.044251937748305678e-04
-9.910519722701948645e-04
1.524792366771224794e-03
-5.854458360150100165e-04
-9.502988092840366227e-04
1.174312970721102731e-03
9.528457634996681264e-04
4.769458927426487352e-04
4.867202586592045172e-04
-1.515408146851890230e-04
-3.877346395369612423e-04
1.014054662538435916e-03
-8.424304621426239703e-05
-1.099066575072946372e-04
1.157707462005811653e-03
6.292828580764197569e-05
-9.091310154016775261e-04
-7.122917786954609644e-04
-1.478298756808254697e-04
-1.302863862758854021e-05
-7.199856382584145708e-04
-1.030729655585991280e-05
5.063456406574646379e-04
3.367723376406726843e-04
-3.115313784246427869e-04
-6.392807658662109363e-04
-1.032437066438378597e-04
2.850160626426788825e-04
9.910857178896876393e-04
1.205579284238127635e-03
-7.376160458143690831e-04
1.749351667801905404e-05
-3.081137572150246195e-04
-1.710742265299591012e-03
-4.186268240024321641e-04
-9.606503775107592654e-04
-3.464358951020036657e-04
1.419457244021066428e-03
3.593552590273845068e-04
-6.261535814682942565e-04
-2.546512645254803218e-05
9.108581723851517931e-04
-3.749050768581037329e-04
-1.075810732344092665e-03
2.529128317848133292e-04
4.247932827381788678e-04
1.075484241169633775e-03
-1.110218203653493647e-03
-1.112243784934884190e-03
-3.135605544696930323e-04
-1.771265663973652321e-04
-2.124280099409450327e-04
1.281841406357115635e-03
-1.597498875495719891e-05
-6.508894343033165986e-04
4.040277665600757232e-04
-7.896953183297640046e-04
-3.136457759993622986e-04
6.547441868078823866e-04
5.070911557185978340e-04
7.452462995444393556e-04
-1.243566257085398745e-03
6.163763612485246603e-04
3.319053744480196435e-04
-1.131234198765097322e-03
-5.616175229739686419e-04
4.406395824400193852e-04
1.290181761577053644e-03
-3.169851166432037645e-05
-1.367976309526802541e-03
-1.577780898095408136e-03
-1.155367218007166599e-03
-2.209423190047007880e-04
2.305337332458076011e-03
1.165198656471451519e-03
8.461412467955486396e-04
4.091323513939976522e-04
-1.569480481756304821e-03
3.887513833080799433e-04
3.319080656233252630e-05
4.748812712485133650e-04
-9.174151325259868048e-04
7.596070933051109588e-04
6.060993623616401770e-04
1.869220778317489502e-04
1.637084720315441267e-04
-2.202275443172277154e-04
-1.639645661066368434e-03
-4.563852089894689210e-04
7.049097019185305516e-05
-3.762395739924125201e-04
-3.907502841045419053e-04
2.207815188611755408e-04
-4.718615548977722770e-04
2.649850835501226833e-04
1.022628185439807967e-04
6.559099450407948444e-04
2.134951981456299915e-04
9.316009145491819209e-05
-8.624543122438342970e-05
-8.027784016623887645e-04
-1.662537006200167641e-05
-2.397253068478454177e-05
4.872429942855438533e-04
7.036749186747640267e-04
-3.538339517070983949e-04
-1.128893080515203643e-04
-4.143866802174838338e-04
2.991500450705829339e-04
1.105729073499458212e-03
-6.501521333401889119e-04
5.984220745829716727e-04
-9.711181622974469473e-04
-4.666222052261339713e-04
3.019494776597755892e-04
-4.179984392597395760e-04
8.179139274637392456e-04
8.429939245331727815e-04
4.852801646363048491e-04
9.720167118595778206e-04
2.299668701094846938e-04
2.727155828272562177e-05
-1.595835292238471795e-04
3.858903498448028736e-04
-9.335941740924879771e-04
-1.928792656930859348e-04
-6.160798668654720450e-04
8.782959824072683478e-04
-3.171396390963443414e-04
6.111070974478780568e-04
-7.016216654639896144e-04
-4.134457180937861176e-04
1.591967863089858439e-04
-3.908395055634127785e-04
-5.282010453182133273e-04
-9.945142795185937627e-04
-3.221261544633478185e-04
1.351713736489434481e-04
-1.148048622568546883e-03
1.324441708518740626e-03
6.136894038287773285e-04
-8.289779801607844063e-04
1.277120486377452714e-03
-4.262916874322010899e-04
