7.943640319515203000e-04
-1.512160736914951772e-04
1.186752880732081569e-03
-6.747999232939623504e-04
5.767036493463812688e-04
3.271951173986831392e-03
-2.194990775842483102e-03
-9.882368602541435844e-05
1.085206841538377195e-03
-4.426629370782879293e-04
-9.237242322082820159e-04
1.869556025979286296e-03
6.975492771792558919e-04
1.156031942026016076e-03
-1.754058412469277229e-03
1.822299698228166517e-04
1.630740558324929302e-04
6.702870609172554943e-04
-1.954657561644574380e-04
1.808819980347495691e-05
5.111608350828129909e-04
1.290414380107969441e-04
7.108536333501462058e-04
-4.590023503215993872e-04
4.531820892044469422e-04
-5.790442498822627980e-04
-4.761393513520962374e-05
5.865176441211180378e-04
2.835245968628714215e-05
-1.592470088888078502e-04
-1.641745446990300686e-03
-3.377600549310342680e-04
-2.340450906700987344e-04
-9.616877357027248932e-04
-7.284918099986015597e-04
4.834171447129709189e-04
3.502344390982128084e-04
-1.224559594482162997e-03
4.595162966639965195e-04
1.672503463284086321e-03
-4.927932326640835792e-04
-5.031899450055326038e-05
-1.792876855521419437e-04
-1.370124160983175916e-03
2.996601353574012729e-04
-4.849007163357431870e-04
1.235221931896659121e-03
1.902801205981808404e-03
4.264440812722654459e-04
-9.541618504243639873e-04
7.251785011359995477e-05
7.838467273422932086e-04
-2.717824634314254854e-04
4.001529697245538304e-04
1.531394391581224364e-04
7.525410866960019571e-05
-1.748545022953283375e-03
1.837618587548960937e-03
-3.971675598965266306e-04
-4.130023294991751648e-04
-9.181161938446749475e-05
-1.099013887639525280e-03
-1.260244544787539507e-03
-8.560015755233632388e-04
4.925622657789203475e-04
4.357846396219499014e-04
1.585590614703019825e-03
4.108064105238889681e-04
-3.397278138291332916e-03
1.170612779746230169e-03
-8.801171220096909008e-04
-2.586962144896307460e-04
8.745206433346370233e-04
-8.327851612180842958e-04
6.438489715819849290e-04
-1.226402346573964106e-03
1.587418236885168653e-04
-9.735523872450821165e-05
-2.050222282941697993e-04
-7.400159410273302865e-04
2.520100328793241275e-03
-1.504500835701160215e-04
8.735557984262638321e-04
-1.106611378989835791e-03
9.350185435538906163e-04
-5.693946789122273028e-04
4.142578171373897228e-04
-1.318780650758201532e-03
6.114745126347234964e-04
6.270641457083473910e-04
8.766824198974330603e-04
1.071114642351816883e-03
1.060521836097833579e-03
-1.014288042163170650e-03
3.222892511941999793e-05
5.572090603365384160e-04
5.951767919565860258e-04
1.076511979359367089e-03
-2.823651552368046207e-03
-1.498052804626498827e-03
6.409000685234107070e-04
1.066968164324038053e-03
2.285233730388932534e-05
1.166079515614133408e-03
8.823460964736801714e-04
-2.882880771810039807e-04
-1.576892246804083341e-03
9.380614115170345492e-04
-3.774629976310952054e-04
2.292817825903530787e-04
1.565480858360998768e-03
-3.487282045776092737e-04
1.007630500523194099e-04
-5.894031992802534941e-04
2.225738972767256287e-04
-2.652365177651352024e-04
1.988846778327952279e-03
8.419566452696194622e-04
4.812754964429983391e-04
-2.272188398779548680e-04
-3.560209049431696852e-04
9.752226613521238440e-05
-1.298535581991765023e-04
9.139371888568910375e-04
-1.398801561880026853e-04
9.870927676465003631e-04
4.448884468778235369e-04
-2.142004137415748789e-03
7.626071589432150332e-04
1.090855212794269351e-03
-3.284565577629755908e-04
-4.850131338759299405e-04
9.247503732009393438e-04
1.502404730093865725e-03
4.133376779206348987e-03
5.764629934315174120e-03
-3.036130375606723841e-03
-7.160407238469675140e-03
-1.442426699916101764e-03
1.107138444240032778e-04
-5.044801631272436684e-04
3.315520108677961781e-04
-6.998094176312542804e-05
3.669101055201862312e-03
-9.850299453623089473e-04
1.252706498697626837e-04
8.696707275621183130e-05
-1.376405910121731050e-03
-5.480059653529756802e-04
6.122323131008346360e-04
1.343256118937319332e-03
3.496243263191269241e-04
6.325646767044879742e-04
1.248658627812418084e-03
1.297290759865886076e-04
1.603745591763544587e-03
-1.050993132138171348e-03
-3.265901929055971785e-04
-7.383893656250353418e-04
-5.220157260212378997e-03
9.309461251283301019e-04
-3.452777269362989785e-04
-4.514558177344095034e-04
1.208821456315634047e-03
7.332058950337623938e-04
8.388949346534274295e-04
8.271899863375551266e-05
3.893142442383549975e-04
-7.902943540639915379e-04
3.703188968506357495e-05
6.420940304017931253e-04
6.779698239244210669e-05
-1.242422564468430302e-04
-3.630871435478448908e-04
5.167338205079174832e-04
-4.499544430144766880e-04
-7.776919684746314964e-04
-1.117217018919892989e-03
-1.700769386623079179e-04
5.861524595146829858e-05
-1.167161476757836011e-03
-6.538404392451877900e-04
1.315158144439909443e-04
2.866111314445936645e-05
-1.004040263598506618e-03
9.630119383911734136e-04
6.513751926545825440e-04
-3.310027763061911509e-05
3.509990096521387938e-04
-3.276002363767329057e-04
2.401266444317070919e-04
5.322952172445811689e-04
3.714731324218098854e-04
2.797051131044869777e-04
-2.233535733667890797e-03
6.199974307398573633e-04
-2.123039959602177409e-03
-1.615915742806818111e-03
6.840247448283027490e-04
-3.159364435859010351e-04
-1.007721355258207885e-03
1.560851450259060974e-03
-3.130642211390699103e-03
1.593476513338880330e-04
2.572529268687955614e-03
6.815259827680691072e-03
1.252405564402021701e-03
-2.455477755648579480e-03
1.885971072387171302e-03
1.438820860021156880e-03
-3.825646044555452464e-03
-7.409149540795567472e-04
8.599186861888692777e-04
1.894692435604427541e-04
1.661711126809675893e-04
-7.624239473994680414e-04
1.342499424162728848e-03
-1.070044226234916030e-04
-2.530926652111844741e-03
-2.612459148198643488e-04
9.150693929824302514e-04
-4.195315912738770874e-04
-5.040592703277241337e-04
4.860905502520913445e-04
-1.495239586481652942e-03
5.267668221137690064e-04
-4.203547091182759880e-04
7.165943430571273870e-04
1.390048305728359794e-03
-1.273483143976060624e-03
-2.900231808349151689e-04
7.830858692033083835e-04
-8.146335031267280423e-04
-4.483143433819144867e-04
-7.877742686294685872e-04
2.641743643405006356e-04
-1.124159167107328201e-03
-1.776802487872019870e-04
1.179657084970034696e-04
-8.124344777130305994e-04
2.340206234119268029e-04
1.792629062043860186e-04
5.871732300256556113e-04
4.370037782125269616e-04
8.737325573506877401e-04
7.466419083889027633e-04
-1.077392750623843180e-03
4.020752054932250178e-05
-1.222100316325866595e-03
1.651599279621453935e-03
1.166409758174920611e-03
4.203086012410807274e-04
-7.546477042758954149e-04
1.379401677002758259e-03
-4.813415778344601152e-04
-7.558141178788561421e-04
3.898162939301943753e-05
-4.327924413624774082e-05
1.390212772067848934e-03
4.954248990033555426e-04
-1.609942807283625910e-04
-2.678031441572281983e-04
-3.113569624278114288e-04
1.161718362178869096e-04
-1.635232199187260788e-03
1.313557872723142370e-03
-9.020526778826299077e-06
-1.026097178234110967e-03
-6.259323819827506026e-04
-8.007568875281517902e-04
3.404775601643215033e-04
-1.947442201214568194e-04
3.215814961984918372e-05
-1.055802505053276327e-03
-4.200358196576119921e-04
-1.933517027259285806e-03
-1.812441470470386366e-04
-3.187397921666700659e-03
1.210343933376045299e-03
-4.533707519919778881e-04
2.636802935589831458e-03
-1.124511740615255452e-03
8.247166390013905071e-04
-4.977232722512552228e-04
1.313739422843525568e-03
-2.472511824898718821e-04
-8.954980377111676276e-04
1.968843995130141987e-03
-1.219124985770023910e-04
-8.949501955977464838e-04
4.032854654622604492e-04
-1.214338431206074022e-03
7.552966362084770954e-04
-5.999974996638003611e-04
1.409318413516695611e-03
4.347904506847845117e-05
-5.870708218426163964e-04
-2.559662053079808436e-04
-1.446867295335212784e-03
-7.960985521414264045e-04
1.339627763724120268e-04
-2.485855842086780762e-04
4.356228221179372960e-04
3.290211025082798928e-04
-1.680034272266261574e-03
-1.595457091521044644e-03
1.487821638814416795e-03
-6.267435454534966326e-04
-3.109446287453870904e-04
6.011280608350405997e-04
-8.293521361066188112e-04
-1.123596187605030612e-03
-1.142400617825280315e-03
1.400730955426366048e-03
1.856148671461708456e-03
1.198977693922922971e-03
-1.154491066719289926e-03
-7.877468224744375988e-04
-3.859753418699786594e-04
-4.957502291367665154e-04
6.086756001925160576e-04
9.510417023184977552e-04
1.961314831461752448e-04
-8.937796981864752502e-04
-4.487078488951001679e-04
-3.907694089183636464e-04
2.396777977474735919e-04
7.217510457502269256e-05
6.351356393109278695e-04
9.108612994565024610e-04
-3.642165960823384339e-04
-7.108204540798864586e-04
3.286358062765032829e-03
1.671358113607712388e-03
4.148473774677157561e-04
-9.326387481163380408e-04
-9.047162763868507596e-04
1.784396215318712075e-04
-1.944074145963036967e-04
-1.043674478560563000e-03
7.519717601713676262e-04
-8.314661565898721430e-04
-4.605999001788839203e-04
-1.751704836295254163e-03
-1.098283936759883016e-03
9.079906873975271495e-04
-1.411723121374217408e-04
1.679107710016387259e-03
-1.608447681289793723e-03
1.112130212369640556e-03
-8.676074427992752766e-05
-2.326561855420143134e-03
-3.128157079860251558e-03
5.611823590007239187e-04
5.224988279396304124e-04
3.193651309098250292e-04
-3.139686900508821305e-04
1.007321734388218681e-03
6.356267335817957073e-04
1.281439037127325405e-03
-2.219517045722656842e-03
9.981148280794847893e-04
3.372001807776929560e-04
-1.612880494145253871e-04
3.333121147806110646e-05
3.497119341044438597e-04
5.909889181212675709e-04
-3.699595125592012451e-04
5.109176290991065223e-04
-3.990356467730295600e-04
-1.150591106101694585e-04
4.905750204407723775e-04
-9.272776873029061088e-04
2.306590069889049536e-04
-3.170866029878888475e-04
-8.320337222796096374e-04
-1.247867143377937070e-03
4.842766705014568836e-04
-1.215107458949468049e-03
-2.168657458796904598e-03
6.239989549085892245e-04
7.260294502340878565e-04
1.103812176515937306e-03
-1.578514314188824092e-03
-1.543631214478874284e-03
9.874430866602965182e-04
-9.422410053264463356e-04
-6.032632442488440648e-04
4.806630130453578057e-04
-1.024263980022217108e-03
-1.751068005860700102e-03
-1.320882327224609824e-03
-7.334310449100802038e-04
1.671826851253317519e-04
4.246316196424711979e-04
9.174203922586750401e-04
1.841038611686892680e-03
1.853869969173508930e-04
7.429764134506602197e-04
2.838370003603824052e-04
2.361987223184680226e-04
-8.936640090756938783e-05
-6.529978459120978516e-04
-1.330870501504401431e-03
-7.373878534143093197e-04
1.200982658517141819e-03
8.865271260746885760e-04
-3.708878064347469173e-04
8.141970867505516317e-05
-1.420920672157880782e-04
-4.005368368085148443e-04
-5.810159434632650253e-04
6.712676406612924857e-05
-8.302771157482782913e-04
1.421092364544929284e-03
-2.558645010205605475e-03
-1.443631976927219149e-03
7.402028064818113717e-04
-1.156249377623996127e-03
1.025934202892569980e-03
-3.874380396788140940e-04
-3.734651200234401507e-04
1.145879968452028462e-03
-1.007923768247132989e-03
2.118714916769435814e-03
3.209730320313094131e-04
-3.500488542458988920e-04
7.316051219870150796e-04
5.222408298770955240e-04
-1.545012083472478183e-03
-9.577850308813535239e-04
-8.421964015619858303e-06
7.329681481877415574e-04
-5.186184603012572751e-04
8.692997224439602587e-04
3.838248440768445555e-05
1.743409397534724774e-03
-3.980561642696528240e-04
1.194651633851473611e-03
7.505473306617027260e-04
1.309148923023234880e-04
9.469009148742870904e-04
-3.091389921497936168e-04
-1.385052731014505554e-04
-2.919265867059339138e-04
-1.541524386050563650e-04
-4.781790135775544626e-04
-1.381258988664533496e-03
-1.683172033214040057e-04
1.263761957838205417e-03
9.272204909349009974e-04
-5.756671868993717142e-04
4.948994394946341869e-04
9.105593255424952173e-04
2.288106870131741328e-04
1.927371095767545792e-04
-5.728441424675797047e-04
2.782656674521060964e-04
-8.240608979639969366e-04
-7.886729356203261423e-04
1.094504511959702980e-03
-8.662670686048524766e-04
1.045398767114971922e-03
-2.608814631817672172e-04
3.011823903489548645e-04
1.567969935282641485e-03
6.098161709683579644e-04
1.060799275956042379e-03
9.576108842470752074e-04
-6.650042472443059660e-05
-6.151433003909456947e-04
-7.910239216991043739e-04
-4.111071871107319304e-04
-1.354319188622269158e-03
4.439154903963914308e-04
1.802582016573856763e-04
-4.213264986065268052e-04
-2.123219932504386725e-04
7.003475971130978259e-04
6.593486336098305673e-05
-1.166276748157809927e-04
-7.851953591133576825e-04
2.175763876019353241e-03
1.440199001388827203e-05
-7.124000312438990385e-04
4.769068662767984813e-04
-3.024291548636462673e-05
4.589416129885537789e-04
6.959854403924273713e-04
1.601110718782691560e-03
-5.130062754909982736e-04
2.100778609554853184e-04
-5.464308203510021467e-05
-1.772325267429991668e-04
-7.383626383850212804e-04
-2.511448511656518695e-03
1.054147562730978882e-04
5.998073683491525563e-04
6.544265576591812555e-04
1.108589396379479472e-03
1.822434086230943773e-03
5.936866460151483385e-04
-3.095125793887070018e-04
6.443850977996078535e-04
-3.359230546238229503e-04
1.097818679023755814e-03
-7.130379134917394154e-04
-5.595326887498785909e-04
2.498777220897061696e-03
-3.995529453480399875e-04
-6.680438131011960743e-04
8.316306306119655104e-04
-3.268222004073588623e-05
-1.866599781617154336e-04
-6.971096673993476024e-04
1.271909293037117679e-03
2.421429674026080400e-04
1.236405681810515535e-04
9.786409403471064104e-04
-4.306939766695076972e-04
1.587837044598171222e-03
-5.424187606158174238e-04
6.305518963312217295e-04
5.553550222717795249e-05
-2.590481207478100294e-04
4.929343064461502418e-04
-8.617319509493872893e-04
4.192533988725611932e-04
-8.756766359480068571e-04
-3.454131095057234803e-04
2.200317186464954562e-04
1.566427842523620325e-03
2.922634879511027718e-04
-5.790742724600424348e-04
-1.006724577864093808e-04
-1.363041445612944551e-04
-1.177875672703122475e-03
-1.965008305915726041e-04
-1.489234304502028497e-03
8.462617355036740861e-04
2.618787010689994053e-04
6.825811842355534922e-04
6.671547512473285490e-04
-1.333191925193734243e-04
4.737484617279134089e-04
-5.803806993490188233e-04
-8.139138141712711850e-04
9.252316686520398702e-04
-1.129031447929883247e-03
2.799571080533344580e-04
6.335438184765133463e-05
1.312003242821154630e-03
1.117511542574825848e-03
1.242954772824110370e-03
-8.802481599140217277e-04
2.848352588277113721e-04
-1.111606644469196985e-04
-7.733542383147201400e-04
9.176417553171586092e-04
-7.660833232781645227e-05
-9.763185810814232124e-04
-1.373839916243767018e-03
4.415327632799190467e-04
-1.946605416571874829e-04
-4.059072143034585527e-04
-8.002806264156879859e-05
7.502725783602681676e-04
-1.146607424174458803e-03
1.139261256168564145e-03
6.053545796040902052e-04
3.243412383868740059e-04
-5.088490195195863796e-04
-7.748525713344125336e-04
3.128473644171510725e-04
-1.041122389420560913e-03
8.938715673556649790e-06
-1.440825893275780346e-03
-1.745215185147925684e-03
-1.742157391093555581e-03
-1.895644686958160427e-03
1.041878192945756799e-03
6.291776509058244352e-04
9.824191106676446723e-05
-1.320100262038078785e-03
5.084931099387833900e-03
-8.993128456582055556e-04
2.098821321381592680e-04
6.977934855820845704e-04
-1.799415837914859415e-04
1.213245698093354556e-03
8.529238843069980494e-05
-8.564952855564926006e-04
-2.466264094877215697e-04
1.263193686443778358e-04
2.534620857600433067e-04
-1.022997136653368624e-03
5.392839360471299911e-04
-1.679907718553090524e-03
2.594789330437398704e-04
-2.151689102743042947e-04
9.080934484897342906e-04
4.245376182923989465e-04
2.496160710070251601e-04
1.060619048836527111e-03
-8.326950960213233208e-04
9.974670308023856355e-05
-7.603686326668763346e-04
-3.602890751756496332e-04
-8.366395185548396087e-04
-5.704740329918763344e-04
-3.484028487702088908e-04
2.464363178012454942e-04
5.193278328439429907e-04
4.232545079593659455e-04
-8.859162193868851706e-05
-8.163662649373758674e-05
-6.309501425902409606e-04
-3.030478923705374637e-04
-2.308000308917751398e-04
1.957788547337314326e-04
6.685255865235987865e-04
-5.971519527893269031e-04
1.016370224972152616e-03
2.820710644947191392e-04
6.337132522192123892e-05
1.120555944705921639e-03
3.848616759073492013e-04
1.576774278548244554e-03
-2.149780185247222029e-04
-2.783507979079486057e-04
-1.504485380031530834e-03
-1.142065044616643980e-03
-8.977022990201351553e-04
-8.975618163453687529e-04
1.976683932314740133e-04
-8.105353406468712024e-04
4.980201939882824202e-04
-2.895468601469771450e-04
4.140991486122401564e-04
2.417241612704547457e-04
5.433450356206356554e-04
-1.282178782732710002e-04
4.497539561281985892e-04
-1.165481098978757811e-03
-1.239502411595233989e-03
-5.555169460319933422e-04
2.233915949063115531e-05
1.475484730540611291e-03
1.601403334957520862e-03
7.061115065606954518e-04
7.930032314767402517e-04
1.732989360823387979e-03
-4.489124437701090802e-04
2.127520633176601794e-03
-1.202748911790046688e-03
4.855563037256099813e-04
-1.307584295150985556e-03
6.405187619442267565e-04
-3.424302040545722432e-04
-7.458839186222029211e-03
-1.723812383592767707e-03
1.541873697632239765e-03
4.570469919558606741e-04
1.203888502359302774e-03
-4.804511246525991540e-05
-5.349850937841385242e-04
3.981064625492100476e-04
4.082452983509348050e-03
-1.923435068163285161e-03
-7.444104053187955991e-04
-9.715438290948841694e-04
-3.543122269511600323e-04
-1.480992465329113118e-03
7.929773502344671272e-04
2.791423077560953119e-04
4.913055912991711252e-04
1.612802621395386738e-03
1.105595594605448227e-03
1.153156921320465465e-03
-7.184888630571387321e-05
-4.518333477522313169e-04
-8.492256805743153569e-05
2.276035524559810502e-04
-2.517319166298266674e-04
-6.110616515892447823e-04
-2.160119979787278441e-04
5.844536238429769203e-04
6.985554231208512994e-04
2.091349886980965181e-04
-3.564039456432217508e-04
7.440740944872781953e-04
-6.571810288108416876e-04
5.430357672013450768e-04
-1.637343812001018162e-03
6.085258024867673098e-04
-6.363355008226680848e-04
-1.476493946560742060e-03
-1.340277118400218194e-03
-6.975094979945350602e-04
-4.160700551920052553e-04
-6.750035959032325763e-05
5.458831610948665499e-04
-4.705668841479628581e-04
-1.465404989863158683e-03
1.271344008634609348e-04
5.400174951162732334e-04
-3.699468292592153441e-04
-2.329703265324391972e-05
-1.459993429467255079e-05
-3.830009525820980395e-04
-3.430240480603905613e-04
7.148993823904370914e-04
2.814615332865285919e-04
-2.426700773124253614e-05
-1.420511799452057891e-04
-1.307580596785116577e-03
-8.477160468497491096e-04
1.513657802020844010e-04
-3.353591097846692830e-04
-2.365457119772147938e-04
1.241362270540520519e-04
1.038578170472959821e-03
-1.407071339430318677e-03
-2.777465303431005919e-04
1.864563531814929188e-03
2.585812544413380529e-03
1.194181310454140582e-03
-4.539750020313429923e-04
9.230548140750473925e-05
1.461420196713560972e-03
