-7.782149907372106629e-03
-6.482135238675723263e-03
-4.965577128116075573e-03
1.089229127814176495e-03
4.806480584158626113e-03
-7.563446883321823383e-03
-7.419487455227209878e-03
-5.725462095479761856e-03
-2.095546156733688742e-03
6.825401590002493080e-04
4.351884310803209865e-03
5.093884856173531289e-03
-2.299549579832228796e-03
-6.209063739348852015e-03
-6.341120496596989661e-03
-4.078622201135180189e-03
-2.047545194988175353e-03
1.300145335475341463e-03
3.142207987369744285e-03
4.550117849073331833e-03
9.504588823127692321e-04
-1.533413464812130589e-04
-3.874974632741255004e-03
-4.348929448517103308e-03
-3.528810298846008983e-03
-8.784702629823157305e-04
9.715588745195305465e-04
2.723712876637033459e-03
2.279618209330161460e-03
1.954574549796656707e-03
2.633685770278143545e-03
-1.296853768242754723e-03
-2.522063874611945103e-03
-2.182133352878554665e-03
-4.070650625290737901e-04
1.174704017867296557e-03
1.926519834778872998e-03
1.732765384672416142e-03
-5.669313760987559903e-04
5.918377597726072470e-03
1.090324512585767389e-03
-5.518308209976384784e-04
-7.792251542694042521e-04
2.700756423545721402e-04
1.478765946341895413e-03
1.606723449907745613e-03
2.799508646950596424e-04
-1.638084097158362673e-03
9.633571976513686380e-03
4.255888639462779809e-03
1.629104006338255584e-03
1.104286069512992047e-03
1.098754302937328398e-03
2.030074124277227166e-03
1.112304424646748044e-03
-6.778293359484309846e-05
-4.333226784149612348e-03
7.501298195732849193e-03
4.302251769755389629e-03
2.771990835282579432e-03
2.663001478279995379e-03
2.028090849726233574e-03
1.416457521788936150e-03
-1.662331355064861375e-03
8.953972077521403505e-03
5.304207471311293831e-03
4.141278473902917749e-03
3.467800938935382618e-03
-9.930131468221907454e-05
-5.095933144361981110e-03
-4.854831955209627098e-03
-4.242924411480265140e-03
1.475623928737578722e-03
1.471145207106753366e-02
-7.934524036149845361e-03
-7.645366296113495497e-03
-4.351971592787218235e-03
-2.115132135401071034e-03
2.102602393239724060e-03
4.749421369825044051e-03
5.737547910441693350e-03
-4.868558751232702174e-03
-6.392089750565746811e-03
-6.333276816306827352e-03
-4.439661338056543824e-03
-9.636756952260933746e-04
1.892499587668884653e-03
4.349389457769390482e-03
4.040716259703548349e-03
-2.336715183135568835e-03
-2.411297697561739888e-03
-5.212534810234467630e-03
-4.960255602818217438e-03
-2.490795913433398873e-03
-9.546656520334328294e-04
1.696714191144064326e-03
2.306386912238896081e-03
3.117127719121466287e-03
2.651529920208691923e-03
5.968977001128425788e-04
-2.913232757462823341e-03
-3.224346537397396011e-03
-2.114174913894754926e-03
-5.260631349727519501e-05
1.717092780992288126e-03
2.337842728181367333e-03
1.098923655639007842e-03
-1.152233249082289419e-03
3.164090598955893174e-03
-3.203420201788008403e-05
-1.444660722825311279e-03
-1.181865375061746243e-03
5.325165236743419767e-04
1.010322097067173873e-03
1.287809385308282678e-03
7.066507012785869235e-04
-9.066714418945534537e-04
6.394213747028927586e-03
2.148751879431191891e-03
8.313889281034055057e-04
5.760470973488942409e-04
1.870089682408804937e-03
1.530026378497188755e-03
1.177815621979019095e-03
-1.016743008834015624e-03
-3.586375296946644076e-03
5.370332461738706528e-03
2.713800112089220437e-03
2.617864682182249186e-03
2.496646261055085469e-03
2.383414930875656437e-03
4.813331739249582242e-04
-2.363562100222114937e-03
5.086308786678357327e-03
4.076704831299116788e-03
3.441945233831227025e-03
1.939663198464711136e-03
5.013267966712340457e-05
-7.787810012315043995e-03
-6.255843375012394049e-03
-1.712350884766178361e-03
1.782718586987152437e-03
4.279395068128331175e-03
-7.770385764624785675e-03
-6.877711167202898990e-03
-3.719476190755341416e-03
-1.279202262803051573e-03
1.989556934755453560e-03
4.090613610382064225e-03
5.437992121454451530e-03
-2.774648559713058238e-03
-6.152693286172905562e-03
-5.382640211694527527e-03
-3.931844291103138433e-03
-2.746755359415500863e-04
1.895252383074749920e-03
4.096038367590528959e-03
3.485051755051794820e-03
3.467017082057538904e-03
-8.005368284539557400e-04
-3.138428949780758780e-03
-3.880005195187832216e-03
-2.723167015274398362e-03
-4.253258608203740188e-04
1.678655749567631306e-03
2.072534583347915987e-03
2.394493526687792480e-03
1.442170557093622532e-03
2.083565526326225555e-03
-1.869611778592482343e-03
-2.046174862195757060e-03
-1.466284138433266576e-03
2.200801048111364344e-04
1.783053970223004957e-03
1.868350034116048053e-03
5.078434661635773673e-04
-1.901997030802106414e-03
5.528707706729816922e-03
1.107704271221912271e-03
-7.507938204494996048e-05
7.798648196812724143e-05
8.185760013829888881e-04
1.612705012451511044e-03
9.979492341051082738e-04
-3.351435306055590424e-04
-1.317094870186075531e-03
8.855295848340626053e-03
3.870629509863970918e-03
2.341720155964115146e-03
1.108514364053217807e-03
1.877155238482680795e-03
1.692233585511318701e-03
1.575361714439477145e-03
-1.023127103435290258e-03
-7.521736979383331599e-03
7.541108031081883087e-03
4.414610949165218012e-03
3.651050391993627964e-03
3.478724357035289233e-03
2.598019974917850031e-03
5.125814378166967597e-04
-3.507963842429073775e-03
1.427678892711853331e-02
9.042760462056540979e-03
5.618145653569779630e-03
1.515317776883524925e-03
1.352062832204460087e-03
-7.796118035984581952e-03
-6.824825694370071499e-03
-3.652084161384169803e-03
-9.329202320323432690e-04
3.188496537305827300e-03
-6.973875262894746810e-03
-7.326741860683574220e-03
-5.426013254768245059e-03
-3.538065065006810658e-03
1.721525140058900033e-04
2.626155081994898527e-03
5.425587015899749344e-03
8.845952937158963955e-04
-4.447993532338399836e-03
-5.625661276940179673e-03
-4.872136431636846926e-03
-1.795077409251389028e-03
-1.339155911450548575e-04
2.547662757347805146e-03
3.255085110306156146e-03
3.044693434549263986e-03
1.639194189883654007e-03
-2.153581092003784697e-03
-3.955407224754946618e-03
-3.595218277518847164e-03
-1.821860832534714578e-03
4.537407471863572767e-04
1.854154817492579058e-03
2.927669280575550571e-03
1.375424275059656132e-03
5.723759535600971698e-03
1.282359372663608582e-04
-1.672684664293369247e-03
-2.124592102978691346e-03
-6.843450938661104627e-04
1.177808111804432706e-03
1.881224692447912294e-03
1.425710539300677204e-03
-2.096329812717803720e-04
9.866689718655962532e-03
2.536120972995261832e-03
-1.065231987171875311e-04
-3.697781177210719000e-04
1.759866641834915632e-04
1.601586701207600993e-03
2.180946734532047179e-03
1.063509389099877994e-03
-1.771524812659079802e-03
1.073226984119596272e-02
5.689646927201932880e-03
2.840914285753144176e-03
1.493264238431182139e-03
2.009195654815856130e-03
1.651633585677282287e-03
2.123878765313968499e-03
-4.605743382303136013e-04
-3.800889742833879481e-03
1.187625190961509418e-02
5.496887236324885656e-03
3.965241579888331355e-03
2.917078124735846684e-03
2.820853258699645809e-03
1.192557268820490513e-03
-5.751973230977355800e-04
1.627108609104916531e-02
5.487666095023090509e-03
5.277409340669425228e-03
6.986212972487765988e-03
2.687587632088052000e-04
-7.166699705895957472e-03
-8.929427015186043592e-03
-6.972073136286983941e-03
-2.355540804838542751e-03
8.171142684219812047e-03
-7.376757566686193909e-03
-7.752156952473611765e-03
-6.100166837880303949e-03
-4.107619843709209989e-03
4.342706372303471035e-04
3.549167462775754123e-03
5.509964639333696235e-03
-3.176660576126491553e-03
-6.289526091558059889e-03
-7.218521722327505413e-03
-5.794665729445166655e-03
-2.383148046404898884e-03
2.296207195590068209e-04
3.130692634337090691e-03
4.102287720014897998e-03
3.423559549525259996e-03
1.314390706619702337e-03
-3.650171793940207646e-03
-4.919443112346384706e-03
-3.556378192200948529e-03
-2.007267745287463767e-03
9.106731536742233846e-04
2.201084347326253549e-03
3.624635156601393494e-03
1.733148149163324381e-03
4.157820303252741934e-03
-1.871202767734423539e-03
-2.769041071513982100e-03
-2.329410300693682268e-03
-7.066683783941776764e-04
6.807139717805218287e-04
1.968938015003685732e-03
1.952805487542809242e-03
5.418738532492594490e-04
7.882116830454853965e-03
1.151396320476928692e-03
-1.052779452798486420e-03
-1.329860234027212956e-03
-1.764147610675784877e-04
5.464542404027133982e-04
1.884883697026551452e-03
1.929589068897338139e-03
-1.439185991660544423e-03
1.120470121398236055e-02
4.864047811297636525e-03
1.450136157387194730e-03
2.676565120281332311e-04
8.802819337259881402e-04
1.450982745921595291e-03
1.748038896607913284e-03
4.392080674119683281e-04
-2.666569063109617069e-03
7.962159374706415105e-03
3.434651540983005291e-03
2.715347939036154290e-03
1.728351521309741401e-03
2.001777752013171510e-03
1.262158381471666091e-03
-2.169946671851420705e-04
8.432477674873838092e-03
5.030627148660260506e-03
3.655692268793080558e-03
2.724949350237537704e-03
1.905341334537336700e-03
2.303592833501092070e-03
3.326727970325661643e-03
1.634350926290783351e-03
-3.574675573429601794e-05
-2.221806418130630595e-03
-4.681186514433638424e-03
-5.545011714582440826e-03
1.967029805241490154e-03
3.210954063652260784e-03
3.391754025974393072e-03
2.240423549997446091e-03
7.010873452814869733e-04
-1.521832382963633767e-03
-2.595905399240813066e-03
-4.066854890012537582e-03
-4.242253102668569475e-03
-5.745491017204035211e-04
3.336897203279616357e-03
3.389404768153731970e-03
2.622439768567493348e-03
1.106166192531258304e-03
-1.385185128264417032e-04
-1.528237878418834197e-03
-1.621185541826107232e-03
-1.367653765962636991e-03
-8.445678467567229591e-04
1.875383421207939619e-03
3.360978458231481114e-03
2.788357865760861427e-03
1.903293078370482325e-03
5.704536937084225823e-04
2.308586951830574052e-04
2.752688172694573582e-05
1.607236955320172529e-03
-2.526071812804947872e-03
1.351133793986707132e-03
2.578588366832043621e-03
2.901359121535098447e-03
1.969571264946749257e-03
1.521790650652957155e-03
1.079711227457014720e-03
2.033509829722755097e-03
3.494809527681108641e-03
-3.919601453977881317e-03
-6.485864402558556840e-05
1.780876075731006349e-03
2.593625497773021597e-03
2.454814502370173714e-03
2.040337682762911886e-03
2.495952321631291979e-03
2.980220317438449229e-03
5.382351717172995098e-03
-6.689712204907627760e-03
-1.431093182423456150e-03
8.687062745841092615e-04
1.899174381239508713e-03
2.305440291581858231e-03
2.586232864373833734e-03
3.217647795984691916e-03
4.896873381810299027e-03
6.694639468544903022e-03
-8.940876114830013932e-03
-3.551984094454083661e-03
-5.807122428644808515e-04
1.219369137122505720e-03
1.880880472957906918e-03
2.666016634709986177e-03
3.868555668083825325e-03
6.091502573715351643e-03
7.415933456857596445e-03
-6.330975285364938247e-03
-2.170995047920776938e-03
-2.276667632191697876e-04
1.254605281743817295e-03
2.506538340470182424e-03
4.296331879819353244e-03
6.768616253825281842e-03
2.897384618508032361e-03
2.712102460302217438e-03
1.543951598385377710e-03
-6.506442291958070001e-04
-3.482984849962199314e-03
-4.685478342877972407e-03
-7.408503261122097346e-03
2.488833773539210308e-03
3.748993965447163998e-03
3.506736117590381757e-03
1.987542607542074069e-03
-4.952127157026309234e-04
-2.272869988308760195e-03
-3.925258953389651126e-03
-4.738854825573799237e-03
-3.267612481944280958e-03
1.648770275245162523e-03
3.154790776966707316e-03
3.327996708757096148e-03
2.152289457985350103e-03
9.299459870006285267e-04
-1.411048016532790578e-03
-1.948794023539023382e-03
-2.774506314654132111e-03
-1.354803191331712536e-03
2.266899208567749180e-05
3.108403149981161205e-03
3.180755013738479492e-03
2.424624199361395671e-03
1.263476375144454919e-03
-6.457294945118666196e-05
-7.012137973867529905e-04
1.728345266560557536e-04
9.000321207051770189e-04
-6.147540971119663800e-04
1.847758417472102153e-03
2.961437461087943358e-03
2.478814001650129443e-03
1.873561579227123880e-03
6.132391998498500085e-04
9.890342897313300369e-04
1.704089553519294847e-03
3.718585326749911796e-03
-2.409810410114085130e-03
1.104811163879126012e-03
2.220096254895196491e-03
2.925742098359858726e-03
2.049412546986881592e-03
1.889464205163182003e-03
1.925572964445355136e-03
3.389685699968071272e-03
5.574784911640430843e-03
-3.802231904511919891e-03
3.908970709148099076e-04
1.535639759388732553e-03
2.162084483651769556e-03
2.242823118607352798e-03
2.202733970796184881e-03
3.453775768782866434e-03
4.191553672671835540e-03
7.295660655331187572e-03
-6.407889377360099711e-03
-1.649391755121917737e-03
1.024003342223283458e-03
1.892162570354816511e-03
2.557503070497006703e-03
2.591090972126482497e-03
4.130432435424217369e-03
5.584137063854837518e-03
8.596942363104523657e-03
-4.016738223568837654e-03
-9.428321331505242452e-04
8.285194635709526752e-04
1.781304902966386605e-03
2.820807291720080212e-03
4.665344826365583689e-03
7.293151450993481597e-03
3.165651259321125566e-03
2.459901146521330240e-03
1.710310261843972762e-03
-3.144771115996067984e-04
-2.734207447486907555e-03
-5.119637808111571382e-03
-6.442948819179286461e-03
1.689229342664033857e-03
3.720330905433274354e-03
3.615870360958790830e-03
2.223621715486817640e-03
-7.078827443373746781e-05
-1.559452425282530780e-03
-3.139260544360316860e-03
-3.342410309361204274e-03
-3.014903780648073729e-03
6.807992553513894998e-04
2.988687215102784830e-03
3.776322355534780795e-03
2.590352388546136864e-03
8.460859637077801365e-04
-2.870082426515230614e-04
-9.661580454208822805e-04
-1.202546334912917361e-03
-1.713999594004506077e-04
-5.386229281066491452e-04
2.473026524806867799e-03
2.993753277946549930e-03
2.974773287346299533e-03
1.724791044788497388e-03
1.072563530464823445e-03
5.542874479914760427e-04
1.558915726032235327e-03
2.726543490509485135e-03
-1.607657056312821776e-03
1.339337632112427845e-03
2.676058856838805025e-03
2.581653653300724008e-03
1.908481906838304168e-03
1.413952778888157751e-03
1.832642348384138156e-03
2.691303196158793126e-03
4.812134883768240043e-03
-3.411356376000302879e-03
1.330752716971750349e-04
2.289827734642158226e-03
2.624202751502167745e-03
2.374164190654465961e-03
2.703873590322290049e-03
2.506970253752016653e-03
4.658307875374941356e-03
6.439220272114964949e-03
-4.952724242675093924e-03
-9.972754207219769462e-04
1.000204062241936628e-03
1.927213940811043323e-03
1.993588882148353628e-03
2.749216722425472381e-03
3.252798690122626901e-03
5.256233385235294098e-03
8.277295216652297283e-03
-8.206630040421145078e-03
-2.327932285298716514e-03
-3.138957395809743867e-04
1.186393360045636530e-03
1.736120184991103016e-03
3.144782756532554097e-03
3.993624538191534179e-03
6.377543722415409885e-03
1.045028452367002467e-02
-6.679824258463223918e-03
-2.338088530922514605e-03
-4.316596680440211789e-04
1.152802332238482899e-03
3.587879175850476957e-03
5.207654520763875527e-03
7.698064564905411633e-03
2.491858696233448071e-03
3.051319189355472528e-03
2.251616169832919984e-03
4.859446875685076439e-04
-1.515233599349958063e-03
-3.304271939066356911e-03
-5.378953101069124110e-03
5.072647585317429514e-04
3.089932301253543040e-03
3.490715866769869558e-03
2.534994419590444470e-03
1.347829778762004577e-03
-1.548693565028760183e-04
-2.170314059297531739e-03
-3.015447608134470825e-03
-3.647808444062226874e-03
-2.700276356161814169e-03
1.827962970244649196e-03
3.529474529060081661e-03
2.617568077410547395e-03
1.785393421813519146e-03
5.822962173474381664e-04
-7.242786312062505366e-04
-1.543251458497898760e-03
-4.643316631132666725e-04
-3.208887165663511232e-03
1.216918388906043647e-03
2.726678671286635394e-03
3.076407925427866903e-03
2.328505240643085131e-03
1.644861920998301127e-03
1.238757759349767146e-04
5.636862096339359529e-04
1.481301988909684147e-03
-4.144370694212000904e-03
5.076197800157628698e-04
1.783088844144124774e-03
2.495332908680713419e-03
2.611357821525640832e-03
1.898490020500617770e-03
1.498104989142394830e-03
1.782842487089195994e-03
4.291543054704305415e-03
-6.516897766375376148e-03
-7.732929816245716348e-04
1.742614851917913786e-03
2.291385136028307491e-03
2.853715401032914933e-03
2.532050558712011651e-03
2.151243914945021388e-03
3.424318070998084995e-03
4.866169834423768846e-03
-8.924219862879709253e-03
-3.428369484185169944e-03
-6.173382877842914507e-05
1.809917226856674584e-03
2.444151918820590234e-03
2.660124513428355209e-03
2.904034607966195398e-03
4.924496588020455673e-03
6.902705029621729847e-03
-1.712613113645157850e-02
-5.343468060476664130e-03
-1.751089223596350580e-03
6.134438099354017071e-05
1.378725356404481364e-03
2.643480872105332530e-03
3.793483954417004034e-03
5.543891432717603512e-03
8.644983750593554506e-03
-1.522728135665097488e-02
-3.950391423926247550e-03
-9.520982416976984941e-04
6.671470881978603523e-04
2.351757881653293233e-03
4.401427616935238429e-03
5.827016421557458178e-03
-1.210566292935130739e-03
2.889167748609387798e-03
2.468569689011611973e-03
5.367525563224721796e-04
-1.617303836858137098e-03
-4.193134189266976494e-03
-7.017113267476848132e-03
-1.052122410837345867e-03
2.748131564184019826e-03
3.825782043229405092e-03
2.652164092244197347e-03
1.108000363814882344e-03
-7.839651095932279046e-04
-3.084021228393574610e-03
-4.450840491537579047e-03
-4.373048774096237670e-03
-7.048503076412977741e-04
2.484523710442236057e-03
3.942258385523724623e-03
3.224012004214437885e-03
1.388796767707680714e-03
-5.403095017781586219e-04
-1.854766565402714978e-03
-2.590055699170413367e-03
-1.810550507365107573e-03
-1.924505924955542679e-03
2.186592389452486976e-03
2.850383995757881268e-03
3.333823486430793730e-03
1.797455300065033904e-03
9.882243603463874981e-04
2.225164188809844457e-04
-2.386745155540104246e-04
8.771590900553960513e-05
-3.277942220495728282e-03
3.245013129576281713e-04
2.592014547191861390e-03
2.993442601736187592e-03
2.141903229054643865e-03
1.317295879173788903e-03
1.225436072188217096e-03
1.038020424413844955e-03
2.144568448735485744e-03
-5.349886401407437549e-03
-5.152208991031428931e-04
1.852927588140412113e-03
3.029804718736499661e-03
2.194315490086029552e-03
2.301085397532542931e-03
2.378483500886312274e-03
2.886760940258678576e-03
3.788334014717386136e-03
-7.853393176277104204e-03
-2.413391689168530811e-03
4.892492059876268895e-04
2.138789365904213927e-03
2.252131401572113334e-03
2.421955197244920425e-03
3.148414442656558530e-03
3.464274112576619727e-03
6.046456748478953695e-03
-8.487313296338177757e-03
-3.735037657034921774e-03
-2.896730947205207636e-04
1.126579976010920470e-03
1.800241249528463164e-03
2.377794528861467121e-03
3.462311481704387350e-03
4.893987787543956081e-03
7.831717227599718778e-03
-7.184761336393671177e-03
-1.803893259208566927e-03
5.877676368658355660e-05
1.267287525395701091e-03
2.147746570676751371e-03
3.222297938793784733e-03
5.961863095127278855e-03
