-4.959366155065587922e-02
1.551877588193696644e-02
-2.951076206332823443e-02
-6.193224442161761323e-02
-7.910963541632320614e-03
2.069769352499729875e-03
-2.211731285507004957e-02
2.984749826782732204e-03
-3.082737214017968949e-02
-2.297285893517617139e-02
-2.076416180500902792e-02
-2.656747310285735922e-02
3.666930998425118465e-02
1.066365284273983367e-02
3.436761203358792982e-02
-3.405179247365092837e-02
-1.309428559810213791e-02
2.437925680864786934e-02
-2.000145462958980574e-02
-1.996577719233719184e-02
2.673830266588974811e-02
-2.380336682990830122e-02
-2.227061542966529348e-02
-1.240213980118291467e-02
7.717868289781354418e-02
1.115055136661328994e-02
-6.860085035240709797e-03
5.499113020390149556e-03
-2.681365910297598548e-02
-1.361690047149267078e-02
1.409172749254143306e-02
-2.943422250656446346e-02
5.410928053118321118e-03
3.470388337769001602e-02
2.817574774971418408e-02
3.432006549977483292e-03
4.767641224887578244e-02
-4.801478191707375665e-02
2.449910689466298225e-02
-9.459589541272437480e-03
-2.087690297248967486e-02
-2.230263810666475652e-02
-1.149767780457369541e-02
1.692958575237205401e-02
7.573898877421190307e-03
-7.764299215282844183e-03
-2.311629173843743335e-02
4.313632414391518205e-02
9.704978395933129554e-03
1.369798124295907096e-02
-1.742396512376447049e-02
-1.971828135561908696e-02
-3.221512943987313304e-02
1.795094772386647552e-02
2.334355500287381424e-02
5.751703266271026432e-03
2.567107240385791030e-03
-4.743657145105902723e-02
-1.835902554853286947e-02
-1.580960915620531482e-02
-1.776914093168286204e-02
-1.170292691466530768e-02
-1.703793360117850791e-02
1.464825633960310618e-02
3.772204830743770138e-03
1.714559572699562648e-02
-8.274013527459204336e-04
4.213652725384807451e-02
-1.883852017560641579e-02
2.185027137001283731e-02
-4.902725855559078583e-03
-4.894022259482495862e-04
2.975181222386693441e-02
-5.054935999510691558e-02
2.321750484634383521e-02
3.754799856252437947e-03
2.001379637925557523e-02
-6.495825183502777420e-03
-3.727552878382152379e-02
2.531781702837047898e-02
-3.762530550959993642e-02
2.177827823004305132e-03
1.570383716644604966e-02
1.893418333249540994e-02
3.041521997777178743e-03
7.274945836222419110e-03
2.003245516185882952e-02
5.643371315143799402e-03
1.996453767522374592e-02
-2.799802691090651566e-02
-1.030301429351075312e-02
4.125620863473763306e-02
-3.748486138459367761e-02
1.599134315156054351e-02
-9.976269348087062061e-03
-5.458790331397769292e-03
-2.443005704894257030e-02
-2.759184080893316293e-02
-2.466668317854778247e-02
-3.084671790859676299e-02
-2.592027181898603691e-02
-4.442929925395543156e-03
-5.119633829275468256e-02
-1.398499647006011797e-03
-2.025943734126424423e-02
-2.947123397483572549e-02
1.357397616078321809e-02
-4.447737211733582274e-02
5.834737533938791181e-03
9.578234895520312125e-03
-1.682284536050778281e-02
9.827789640864089196e-04
1.360086475405647768e-02
1.913934130478521511e-02
2.458972716053478558e-02
1.633327603984077725e-02
-1.235485875957861857e-02
-8.136038857878814812e-03
5.098929134093354350e-04
5.205982717594523357e-03
2.841157910102548589e-02
3.012021247363354942e-02
-7.000637336858955319e-03
-4.081122103216205249e-02
-2.295687127774181241e-04
-1.867887800777600499e-02
1.289167195415741448e-03
2.549899662866556699e-02
-1.603293595555589646e-02
1.955151613663297372e-02
2.433545149344859548e-02
-6.512949719087102185e-02
-4.332798488121282661e-03
3.321848677398132887e-02
-5.268138502729570460e-02
1.454746790165864154e-02
-1.036502251665887345e-02
2.029625606028631624e-02
-3.110096895617894472e-02
1.684295119183767953e-02
-6.588296955035393213e-03
1.024132088369019908e-02
4.956830133592746157e-02
7.375087366849959920e-03
5.784595315422576961e-03
-8.759334226426732095e-03
-1.117825936708498769e-03
3.289947378270918158e-03
5.908084712230209090e-02
3.566367003781706346e-02
-3.840351778445159903e-02
1.192348279285430218e-02
2.420438563967353129e-02
-8.345516524727612795e-03
-2.187075648036766393e-02
5.323569494839807369e-03
4.723542765413931560e-02
-2.226336778900574187e-02
2.762088555595446776e-02
-1.158485181490651744e-02
-3.394266054314989262e-02
-6.240565164842206292e-04
-2.912544222555757747e-02
-2.124407140316340870e-02
-4.968400657770979598e-03
1.262142955670241679e-02
-6.641978282971618130e-03
8.579167737129699683e-03
4.229968795987608388e-02
-2.476551795916891174e-02
-3.241677678286746661e-02
-3.262214339124593684e-03
-1.556183582019288539e-02
-2.370069387250677354e-02
-7.486779157803642379e-03
-2.647147455458127158e-02
-1.983960473732753436e-03
3.380421052914436147e-02
-4.764446000036628992e-02
3.639501494279272914e-02
1.553308148861932969e-02
-1.651694204773240110e-02
1.863423410939658853e-02
-1.367001400439302183e-02
-1.830923322745570472e-02
2.377830195260762988e-02
3.799815823991235103e-02
2.894615300323752013e-02
3.427969567651264343e-02
4.069186736427714973e-02
-5.337452544449672320e-02
1.827516835015725177e-02
5.070398992488417411e-02
-2.775746845512721411e-02
4.055841147838253058e-02
-1.666590387292863143e-02
8.532250834970866657e-03
3.261867782446866565e-02
-3.352713217745464935e-02
1.977589157773884665e-02
-7.888900704451709545e-03
8.612624176094648559e-03
-1.258314403180626432e-03
2.661740067335243917e-02
4.168606050256733891e-02
8.133705807772716526e-03
1.378334516640014086e-02
-1.489384670043795642e-02
-2.228699928643342737e-02
1.671399676243761831e-02
-7.377310870460992986e-03
1.459052535221577046e-02
2.215743598793331465e-02
-3.493062386037311395e-02
-6.559395582759527249e-04
1.778884357878547998e-02
-2.333091502902898476e-02
2.542305417902937861e-02
1.528822640212241894e-02
2.197835306460613897e-02
2.757330199651875091e-02
-4.455020077545352591e-03
-5.482122347152811569e-03
1.791265139896353401e-02
-5.003467323740316136e-02
-7.600232989287128947e-03
3.111102148050873609e-02
-8.952274221409243019e-03
1.095170985125312052e-02
-3.699890525648814876e-02
-1.643155149383708491e-02
3.816371266297322040e-02
3.512280304928431466e-04
6.390633485793580093e-02
3.198267396922821731e-03
2.358566699083168225e-02
-1.276587186258409251e-02
-2.785231721975208602e-02
-4.216248635451609605e-02
4.113503309455299184e-02
2.895976026455022306e-02
1.757396273537721165e-03
-3.837567754441206617e-03
6.979384399004771866e-03
2.897517373981348988e-03
5.549591620273748582e-03
2.531082402873969031e-03
-4.475386449828770707e-02
3.707119277437775223e-02
8.297486480407262333e-03
-2.933514018186996961e-02
3.564323593089199771e-02
-7.000821019681736923e-02
1.021950340558963437e-02
-2.786735453012530520e-02
5.358932835583751081e-02
-1.248194406984570043e-02
-3.171683002973883087e-02
-1.878875927489531347e-02
2.551104129359842154e-02
-2.214906969851874324e-02
-1.798498529188088686e-03
1.423848360308623516e-02
3.437417032584421175e-03
-2.420128776823269115e-02
-1.354140500833528500e-02
-8.194533693846569114e-03
-3.132539267564066893e-02
-1.658475832632013564e-02
1.444907942102474641e-03
2.102596731873690450e-02
-2.732264205744566743e-02
7.301629652480954268e-03
-1.988338451828685488e-02
4.478433630417237056e-03
-3.031542587172821393e-02
3.059638328665698764e-02
-9.403869582146756612e-04
-1.199631438845716845e-02
5.099418982751117990e-02
-9.728774029933565104e-03
1.875055626205313769e-02
-5.921401027096390851e-05
-5.735764205374214997e-02
2.924829093888323475e-02
-3.418749993878502508e-02
-6.568883965447594453e-02
2.264023833859029472e-02
-1.615079018159497077e-03
-3.547315403939953204e-02
-1.553129671135779211e-05
2.770043777412337441e-02
7.706712949914729105e-02
9.895153876929551826e-03
1.584199629069863238e-02
1.602976212776260206e-02
5.115030258064744498e-03
3.642674075739624900e-02
-7.312916358020095375e-02
4.030283096946223054e-02
5.028815941108653181e-02
1.588490683791582078e-02
3.301134255787563365e-02
1.989170991052537432e-02
2.619908047885950719e-02
5.026027738115047133e-03
1.391598863115404809e-02
-1.506142527343569057e-02
4.188811332227261597e-02
-1.159146734545466600e-02
-1.020281236339193667e-02
2.409695881912312602e-03
6.026421939639808184e-02
-5.857637682948816510e-02
5.696590848112658562e-02
1.682593060270477434e-03
-6.517791752713773465e-03
-4.979263176059704754e-02
-4.695698061867252526e-02
4.449919276830999887e-02
-5.382918258980132903e-02
2.843441118294647886e-03
-1.906878328363405956e-02
-1.181915525550883590e-02
-2.775782757448935030e-04
1.938184164297050704e-02
-1.119835497580987799e-02
-9.572343245255890767e-03
2.694759318087874833e-02
-1.838333495887731206e-02
-2.692543024493776124e-02
-2.263792715820681090e-02
8.391808711327211276e-03
2.231941560512416475e-02
-1.295036511651969551e-04
2.793773002723878851e-02
4.407994105862199363e-02
-3.910712533408990804e-02
-3.770023370501742951e-03
1.233941350240204231e-02
3.873309143423820516e-02
-1.775474899961273709e-02
-8.437403042533568251e-03
1.681368881556526487e-02
-2.472892332803576509e-02
2.429396167968024198e-02
-9.335984873597330189e-03
-2.836101282191125922e-02
2.468525758403659204e-02
6.117475724596445168e-03
-4.641875238482625482e-02
-1.662840043214323937e-02
2.658128944734988383e-02
2.637074640195311796e-03
-5.632265231346505335e-02
-1.530206533204197736e-02
4.322241477473006549e-02
3.072649524906601384e-02
-7.374445501731275755e-03
1.924736305415724116e-02
-3.699867324515888206e-02
2.734782854362448334e-02
-1.542159309852825753e-02
9.752664176418701994e-03
7.189234565768562284e-03
-2.081178759124061028e-02
-3.424451462388632128e-02
3.534758232156898217e-02
1.943083482037314888e-02
1.445636512821839130e-02
-3.523297982174733445e-02
-1.849767563092432135e-02
-1.291832231657295479e-02
-4.856464089902465947e-02
3.558674153248169575e-02
1.133173470929796714e-02
2.678582665619960376e-02
3.012386014567999468e-02
2.562506646033005028e-02
-4.488748553219436277e-02
-1.459127864255881091e-02
2.258428405817444404e-02
-2.628942881522784714e-02
3.511476118484967157e-02
-3.547073095455557067e-03
-1.989965514029730376e-02
1.196810983961421257e-02
-4.572407762337043005e-03
1.632153840804475078e-02
-3.089340897231082628e-02
1.348321870361539679e-02
-4.835919875781918148e-02
-2.046594175976783336e-02
1.576870047307334100e-02
-3.292068201367873322e-04
-1.113901414179540098e-03
5.760122804062866968e-03
-6.640653292212334892e-03
2.187800459400714853e-02
-4.424121455828920225e-03
1.737570314910828403e-02
-8.179492271419421673e-03
-4.027654995520857373e-02
1.370135444177442326e-02
6.324694191501639695e-03
-2.253935423676294014e-02
-3.354424752266101095e-02
1.862394208732470399e-02
3.525945347134189223e-02
2.727169364851581707e-02
2.411312060472087931e-02
3.195848418556546805e-02
-5.535736340416895496e-02
-2.160337495391185039e-02
-1.938819368912989699e-02
-4.768646605067403121e-02
4.050786846592183132e-02
3.116498662179163770e-02
-1.909869712465093322e-02
1.874688091861970163e-02
-2.454190558060842520e-02
-4.996665977264800294e-03
1.154904271825412006e-02
1.510166087470540992e-02
-9.374425057469177452e-03
-2.912041486710370553e-02
2.312775578737456816e-03
-2.532937735731328674e-02
1.576033188314363703e-02
2.314511402235446338e-02
-4.556607106421253599e-03
4.133425721092175154e-02
8.530304805756133311e-04
7.567717339114214854e-03
4.469395834849568955e-02
-3.773471425799268704e-03
2.641135524601791879e-02
8.758937567211293185e-04
-2.446422999800795806e-02
-6.103728874900330587e-02
1.082654754775421758e-02
9.171068052108125208e-04
-5.176219949473306881e-02
-2.278932224540381954e-02
6.824121452529091289e-03
-1.587676305850354783e-02
-4.314840695163753986e-02
-1.863908521550032560e-02
2.169245776438620543e-02
2.339527913143879534e-02
2.334112224588716367e-02
1.009177015753082336e-02
-9.936675440844000909e-03
2.083146487850120673e-03
4.860209746168992623e-02
3.803414527157843866e-02
-1.921759533557080776e-02
1.771476495108587762e-02
3.180612238171150880e-02
-3.339735334212004525e-02
-7.981241936154929648e-03
-3.561470076991438832e-02
1.258406960250901471e-02
-4.091214222286918174e-03
4.468895483930853535e-02
-1.927044765874461052e-02
-3.402305526538875607e-02
-2.081120013061196414e-02
3.474769343056406581e-04
3.417369696910854682e-02
-1.427584097510225560e-02
-2.436769556610085194e-02
-7.473712913275752309e-03
-1.581722353311615717e-02
-3.277066583064869310e-02
5.102274914051413424e-02
-3.641400399117869328e-03
-3.549149348240440097e-03
-2.331647018529331775e-02
-3.205756535044138045e-03
1.282833718657463117e-03
4.130091410659619128e-02
2.576738931364546542e-02
2.217986470365894067e-02
-4.102194009034424577e-02
1.437651694996518875e-02
-1.918423095827701680e-02
-9.453270541018927303e-03
5.872428141746680041e-02
-2.560206944481502669e-02
9.156229482218634919e-03
1.279306630071163318e-02
-1.444538880609167950e-02
-4.100009041257690612e-02
1.098935041316465369e-02
2.469592137727260120e-02
-1.310947729734932010e-02
6.770788311203233129e-03
3.815575946967442178e-02
-6.481218247572986813e-03
-2.522564813218581073e-02
-2.162584809480731438e-02
2.092402371400413352e-02
-2.424380952685314602e-03
5.728205135292004264e-03
2.967060858893217495e-03
-1.336478799588331802e-02
9.874850194474215498e-03
-1.569393486406098562e-02
2.608559336146469565e-02
-5.108337529203642183e-04
-2.645436534275137294e-02
1.807576857303112156e-02
4.586130154860007524e-02
-1.520790051576285072e-03
5.478315478246681414e-02
-2.185414219364213359e-02
-2.939704305338970008e-02
-5.052702435776929360e-03
4.990324952147995319e-02
1.431994257563929882e-02
3.679040654181389572e-04
2.424395765510654541e-02
-6.984508919857928058e-03
1.381844038582758644e-02
4.359144576984304992e-02
2.321466638752101713e-02
2.546758764815687873e-02
1.788578721252281727e-03
-2.012184459897668753e-02
-4.049970880826107844e-02
-3.988029724338219145e-02
1.414926924474536191e-02
2.080253673189397939e-02
-2.065654662531983370e-03
5.844333980218335486e-03
9.022479616268432034e-03
1.246271226102864220e-02
1.244474961794098979e-02
8.072292400966957562e-03
1.119693586691831999e-02
-3.906680341073643335e-04
-1.891242097540183839e-02
4.711099996733408152e-02
-1.993312187936002039e-02
1.621339091850930447e-02
-2.757363720829896295e-02
-1.081340663025649740e-02
1.336402784969041579e-02
1.837860420685831627e-03
1.808196253031090633e-02
2.866275648717194272e-02
2.244399400182106596e-02
1.144349044959065177e-02
4.498959720209636665e-02
-8.129747027122902550e-03
-2.442173260073604579e-02
-2.017154801298048222e-02
-2.717109329636328841e-02
-3.556681242649491204e-02
3.612087803701280464e-02
-1.564830237866609783e-02
1.399519354016980424e-02
1.777526659043780419e-02
1.483471156783896724e-04
-1.736422431949662462e-02
-5.810356863028331986e-03
-1.493273304361986825e-02
-8.449776763487593448e-03
2.628601604902219835e-02
-6.618378280487748067e-02
7.189246772118580708e-03
-1.050740799456204716e-02
3.282561968522108159e-02
-3.085426818643663763e-02
1.517892022108547657e-02
-2.700407003304853421e-02
-6.821620962353440454e-03
-2.684626830881703743e-02
-3.130610174379337002e-02
-5.200652154173273506e-02
2.722743863656010288e-02
-7.537056587041972636e-03
1.353054175599252562e-02
-1.503212197207842715e-02
1.814021524942897173e-02
1.442007728626890084e-02
1.948111485264429274e-02
6.291227560299456501e-05
2.153778864421446518e-02
9.534948956604144543e-03
-5.085154607597716647e-05
2.551412926462612654e-02
-5.271371493741529302e-02
8.240792604786634223e-03
-4.472315085099685256e-02
5.970168609212051988e-03
2.435050978254664142e-02
1.049985593805397672e-03
-1.396711201083747009e-03
-1.408720177091166191e-03
5.125897336946701882e-02
-8.886801436949188365e-03
-3.679047281707165107e-02
3.066071039455398658e-03
6.060186071633340277e-02
1.540570079233813958e-03
8.277579721529461365e-03
-5.850938209561017123e-02
-1.407195087841064951e-02
8.243813393278634494e-04
-5.276322828685669521e-03
-1.352374081070780928e-02
-1.389851113968303478e-02
-7.643811855642484304e-03
-4.733204815396570113e-03
-2.466758707502747852e-02
-3.850468408947409910e-03
1.009369796789484977e-02
-1.546875771475349909e-02
3.363560985014932281e-02
-8.281113313637945578e-04
-9.051585045427353732e-03
3.393450682094455682e-03
3.985559505406290753e-02
1.335600481979448001e-02
-2.842237958439605000e-02
-7.530528213391652313e-04
-3.860388498929697570e-02
2.346108585003317537e-02
-9.002267259931549803e-03
-2.971301347730071277e-03
2.783453480135127459e-02
-2.442239968844465287e-03
-3.793829695626426551e-02
-4.446146957095310770e-02
-7.716308868861929300e-03
-3.014684049824793016e-02
-3.365943353202969363e-02
-3.626073863081698267e-02
2.007775255432415334e-02
3.271229597949493195e-02
6.152488878071581818e-03
-4.450372194954888352e-03
-1.807042346849872111e-02
4.775408457728395201e-02
-1.905049350584330468e-03
1.780980188332111774e-03
5.701215944440463090e-02
2.648870815040343593e-02
-1.390754227711891132e-02
2.624206140763483963e-02
-1.058387178855419407e-02
9.327041050991139587e-03
2.138997389984211711e-02
-8.957121734760245882e-03
3.218601783028949420e-02
-4.304100259182117028e-02
-1.433914619330800035e-02
1.164954630800048296e-02
8.216418840868646919e-03
1.450326330455426957e-02
-3.516508509550875933e-02
9.148539269753225636e-03
1.681156896443086052e-02
-1.511215205283185196e-04
-4.630992018794227033e-03
8.830010276956564569e-03
1.438327489213125920e-02
5.710313540949810834e-02
-5.507335872848973142e-03
-1.690958441984406757e-03
3.073494279668972581e-02
-2.582984175433337623e-02
-4.846495048722245999e-03
-2.705557043330512196e-02
-6.322248248972751894e-02
9.190959694253533416e-03
-2.570672942246484544e-02
6.368760000822501141e-03
1.002764271361624750e-02
-2.664619041754580711e-02
-2.062107927541601687e-02
4.194288038568690785e-02
5.397145163124871144e-03
3.322991996315381030e-02
-2.903800510026285572e-02
1.520976706740696099e-02
6.835831750713135258e-02
3.935555027131341921e-02
-3.453552667046032310e-02
-2.311679842512676802e-02
-4.720845212562707616e-02
2.142114277019104354e-02
2.468126671675058281e-02
2.174387335620122513e-02
-1.701236389412682376e-02
3.605397424708094850e-02
-3.042863787382455582e-02
-7.914969298840878256e-03
-9.130284701759914731e-03
1.062234644001722877e-02
-1.794198097933689950e-02
4.021149587338771272e-03
-1.701917811603058731e-02
-1.780375492719138419e-02
1.055115389584417897e-02
-3.457322905188806028e-02
1.613773284158931398e-02
1.222693750105272210e-02
-1.559010764033774699e-02
1.316136014226990981e-03
1.576828964228299892e-02
-1.559316955503592395e-02
-1.717882552614643718e-02
-3.563258470770006708e-02
2.659717362355468358e-03
1.034019436575100460e-02
2.059234919588530388e-02
-6.508523424325585172e-02
1.988614219173240327e-02
-2.781126276599224512e-02
5.063081656333587831e-03
-1.982171834232756766e-02
-1.651134680355253320e-03
6.312191140174960857e-02
3.127249397991567481e-02
4.424619531812463286e-03
9.497806020586575977e-04
-2.079170532383033468e-02
